1107.29  2200.53  
1107.29  2200.53  
1107.29  2200.53  
1107.29  2200.53  
1107.29  2200.53  
1107.29  2200.53  
1107.29  2200.53  
1107.29  2200.53  
1107.29  2200.53  
1107.29  2200.53  
1107.29  2200.53  
1107.29  2200.53  
1107.29  2200.53  
1107.29  2200.53  
1107.29  2200.53  
1107.29  2200.53  
1107.29  2200.53  
1107.29  2200.53  
1107.29  2200.53  
1107.29  2200.53  
1107.29  2200.53  
1107.29  2200.53  
1121.92  2218.43  
1114.99  2212.79  
1107.29  2200.53  
1107.29  2200.53  
1107.29  2200.53  
1107.29  2200.53  
1116.49  2215.91  
1107.29  2200.53  
1107.29  2200.53  
1107.29  2200.53  
1107.29  2200.53  
1107.29  2200.53  
1107.29  2200.53  
1107.29  2200.53  
1107.29  2200.53  
1119.97  2211.5  
1107.29  2200.53  
1107.29  2200.53  
1107.29  2200.53  
1107.29  2200.53  
1107.29  2200.53  
1107.29  2200.53  
1107.29  2200.53  
1107.29  2200.53  
1107.29  2200.53  
1107.29  2200.53  
1116.49  2215.91  
1107.29  2200.53  
1107.29  2200.53  
1107.29  2200.53  
1107.29  2200.53  
1107.29  2200.53  
1107.29  2200.53  
1107.29  2200.53  
1107.29  2200.53  
1107.29  2200.53  
1107.29  2200.53  
1107.29  2200.53  
1107.29  2200.53  
1107.29  2200.53  
1107.29  2200.53  
1107.29  2200.53  
1114.01  2216.33  
1107.29  2200.53  
1107.29  2200.53  
1107.29  2200.53  
1107.29  2200.53  
1107.29  2200.53  
1107.29  2200.53  
1107.29  2200.53  
1107.29  2200.53  
1107.29  2200.53  
1116.49  2215.91  
1117.19  2215.28  
1107.29  2200.53  
1107.29  2200.53  
1107.29  2200.53  
1107.29  2200.53  
1107.29  2200.53  
1114.01  2216.33  
1107.29  2200.53  
1107.29  2200.53  
1107.29  2200.53  
1107.29  2200.53  
1107.29  2200.53  
1107.29  2200.53  
1107.29  2200.53  
1107.29  2200.53  
1107.29  2200.53  
1116.49  2215.91  
1107.29  2200.53  
1107.29  2200.53  
1107.29  2200.53  
1107.29  2200.53  
1107.29  2200.53  
1107.29  2200.53  
1107.29  2200.53  
1107.29  2200.53  
1107.29  2200.53  
1107.29  2200.53  
1116.49  2215.91  
1107.29  2200.53  
1107.29  2200.53  
1107.29  2200.53  
1107.29  2200.53  
1107.29  2200.53  
1107.29  2200.53  
1107.29  2200.53  
1118.08  2217.84  
1107.29  2200.53  
1107.29  2200.53  
1107.29  2200.53  
1119.18  2216.43  
1116.49  2215.91  
1107.29  2200.53  
1107.29  2200.53  
1116.49  2215.91  
1117.35  2217.6  
1116.49  2215.91  
1107.29  2200.53  
1107.29  2200.53  
1107.29  2200.53  
1107.29  2200.53  
1107.29  2200.53  
1107.29  2200.53  
1107.29  2200.53  
1107.29  2200.53  
1107.29  2200.53  
1107.29  2200.53  
1107.29  2200.53  
1107.29  2200.53  
1116.49  2215.91  
1107.29  2200.53  
1107.29  2200.53  
1107.29  2200.53  
1107.29  2200.53  
1117.19  2215.28  
1123.13  2216.91  
1107.29  2200.53  
1107.29  2200.53  
1107.29  2200.53  
1107.29  2200.53  
1107.29  2200.53  
1107.29  2200.53  
1107.29  2200.53  
1107.29  2200.53  
1107.29  2200.53  
1107.29  2200.53  
1107.29  2200.53  
1119.97  2211.5  
1107.29  2200.53  
1107.29  2200.53  
1107.29  2200.53  
1107.29  2200.53  
1116.49  2215.91  
1107.29  2200.53  
1107.29  2200.53  
1107.29  2200.53  
1107.29  2200.53  
1107.29  2200.53  
1107.29  2200.53  
1119.97  2211.5  
1119.04  2213.39  
1117.05  2218.11  
1107.29  2200.53  
1107.29  2200.53  
1122.16  2215.1  
1107.29  2200.53  
1107.29  2200.53  
1107.29  2200.53  
1107.29  2200.53  
1107.29  2200.53  
1107.29  2200.53  
1107.29  2200.53  
1122.16  2215.1  
1107.29  2200.53  
1107.29  2200.53  
1119.81  2217.93  
1107.29  2200.53  
1107.29  2200.53  
1107.29  2200.53  
1107.29  2200.53  
1107.29  2200.53  
1107.29  2200.53  
1107.29  2200.53  
1107.29  2200.53  
1107.29  2200.53  
1114.99  2212.79  
1107.29  2200.53  
1119.81  2217.93  
1107.29  2200.53  
1107.29  2200.53  
1114.99  2212.79  
1107.29  2200.53  
1107.29  2200.53  
1107.29  2200.53  
1107.29  2200.53  
1114.99  2212.79  
