1108.02  2205.89  
1108.02  2205.89  
1108.02  2205.89  
1111.34  2209.04  
1108.02  2205.89  
1108.02  2205.89  
1111.34  2209.04  
1111.34  2209.04  
1108.02  2205.89  
1111.34  2209.04  
1108.02  2205.89  
1111.34  2209.04  
1108.02  2205.89  
1111.34  2209.04  
1111.34  2209.04  
1108.02  2205.89  
1108.02  2205.89  
1111.34  2209.04  
1111.34  2209.04  
1111.34  2209.04  
1117.57  2213.73  
1112.96  2214.28  
1113.87  2211.83  
1113.62  2212.67  
1111.34  2209.04  
1112.84  2213.63  
1111.85  2211.32  
1114.24  2211.48  
1109.02  2214.55  
1112.52  2211.21  
1111.85  2211.32  
1109.02  2214.55  
1109.02  2214.55  
1111.85  2211.32  
1108.02  2205.89  
1109.02  2214.55  
1114.27  2216.03  
1114.24  2211.48  
1112.96  2214.28  
1111.85  2211.32  
1114.63  2213.21  
1109.02  2214.55  
1112.84  2213.63  
1114.06  2214.49  
1111.34  2209.04  
1112.84  2213.63  
1109.02  2214.55  
1112.84  2213.63  
1114.27  2216.03  
1114.27  2216.03  
1114.27  2216.03  
1115.07  2213.35  
1112.84  2213.63  
1114.27  2216.03  
1112.84  2213.63  
1109.02  2214.55  
1112.96  2214.28  
1112.84  2213.63  
1114.27  2216.03  
1113.18  2211.82  
1114.24  2211.48  
1114.27  2216.03  
1114.27  2216.03  
1117.57  2213.73  
1112.84  2213.63  
1112.84  2213.63  
1112.84  2213.63  
1113.87  2211.83  
1112.32  2213.72  
1114.27  2216.03  
1112.84  2213.63  
1114.27  2216.03  
1109.02  2214.55  
1112.96  2214.28  
1109.02  2214.55  
1108.02  2205.89  
1116.35  2213.8  
1113.87  2211.83  
1108.02  2205.89  
1111.85  2211.32  
1112.84  2213.63  
1108.02  2205.89  
1111.85  2211.32  
1112.84  2213.63  
1109.02  2214.55  
1113.32  2215.55  
1112.84  2213.63  
1114.57  2213.51  
1108.02  2205.89  
1112.84  2213.63  
1116.35  2213.8  
1117.01  2212.99  
1109.02  2214.55  
1111.85  2211.32  
1109.02  2214.55  
1113.11  2206.99  
1116.14  2209.59  
1114.63  2213.21  
1113.11  2206.99  
1111.85  2211.32  
1109.02  2214.55  
1112.84  2213.63  
1112.84  2213.63  
1116.14  2209.59  
1111.85  2211.32  
1109.02  2214.55  
1114.27  2216.03  
1111.85  2211.32  
1112.84  2213.63  
1111.34  2209.04  
1111.85  2211.32  
1109.02  2214.55  
1109.02  2214.55  
1112.84  2213.63  
1112.84  2213.63  
1111.85  2211.32  
1115.57  2211.3  
1109.02  2214.55  
1113.41  2211.03  
1109.02  2214.55  
1109.02  2214.55  
1113.11  2206.99  
1116.14  2209.59  
1112.84  2213.63  
1113.87  2211.83  
1113.87  2211.83  
1116.43  2213.14  
1112.84  2213.63  
1112.82  2214.7  
1111.85  2211.32  
1109.02  2214.55  
1112.84  2213.63  
1114.27  2216.03  
1109.02  2214.55  
1111.85  2211.32  
1114.06  2214.49  
1114.27  2216.03  
1113.94  2213.33  
1114.27  2216.03  
1114.27  2216.03  
1109.02  2214.55  
1113.87  2211.83  
1112.52  2211.21  
1114.27  2216.03  
1114.27  2216.03  
1112.84  2213.63  
1109.02  2214.55  
1109.02  2214.55  
1113.32  2215.55  
1112.96  2214.28  
1116  2212.17  
1111.85  2211.32  
1114.27  2216.03  
1114.27  2216.03  
1111.85  2211.32  
1114.24  2211.48  
1111.85  2211.32  
1109.02  2214.55  
1113.94  2213.33  
1109.02  2214.55  
1115.25  2213.88  
1109.02  2214.55  
1112.84  2213.63  
1109.02  2214.55  
1114.27  2216.03  
1109.02  2214.55  
1113.41  2211.03  
1109.02  2214.55  
1114.27  2216.03  
1112.84  2213.63  
1112.84  2213.63  
1112.84  2213.63  
1112.96  2214.28  
1113.18  2211.82  
1109.02  2214.55  
1109.02  2214.55  
1111.85  2211.32  
1109.02  2214.55  
1114.27  2216.03  
1112.84  2213.63  
1111.85  2211.32  
1111.85  2211.32  
1112.84  2213.63  
1112.84  2213.63  
1117.7  2211.59  
1114.27  2216.03  
1112.84  2213.63  
1111.85  2211.32  
1109.02  2214.55  
1112.84  2213.63  
1113.87  2211.83  
1109.02  2214.55  
1114.57  2213.51  
1115.07  2213.35  
1114.27  2216.03  
1112.32  2213.72  
1111.34  2209.04  
1113.87  2211.83  
1112.84  2213.63  
1108.02  2205.89  
