1109.81  2206.1  
1109.81  2206.1  
1109.81  2206.1  
1109.81  2206.1  
1109.81  2206.1  
1109.81  2206.1  
1109.81  2206.1  
1109.81  2206.1  
1109.81  2206.1  
1109.81  2206.1  
1109.81  2206.1  
1109.81  2206.1  
1109.81  2206.1  
1109.81  2206.1  
1109.81  2206.1  
1109.81  2206.1  
1109.81  2206.1  
1109.81  2206.1  
1109.81  2206.1  
1109.81  2206.1  
1118.23  2213.95  
1118.23  2213.95  
1117.79  2213.2  
1114.04  2207.51  
1115.46  2215.59  
1109.81  2206.1  
1114.7  2208.29  
1116.66  2214.64  
1116.94  2211.34  
1109.81  2206.1  
1118.35  2215.13  
1116.24  2211.97  
1114.7  2208.29  
1116.62  2216.01  
1112.32  2206.69  
1118.23  2213.95  
1118.38  2214.69  
1116.39  2210.79  
1117.21  2214.96  
1115.33  2214.5  
1115.61  2212  
1116.44  2213.69  
1112.95  2208.78  
1118.39  2214.84  
1112.32  2206.69  
1118.72  2213.77  
1118.23  2213.95  
1114.13  2213.8  
1109.81  2206.1  
1118.23  2213.95  
1114.7  2208.29  
1118.23  2213.95  
1114.04  2207.51  
1116.46  2213.67  
1114.04  2207.51  
1114.7  2208.29  
1118  2215.72  
1112.95  2208.78  
1118.38  2214.69  
1118.23  2213.95  
1118.23  2213.95  
1118.74  2215.52  
1116.24  2211.97  
1118.24  2216.17  
1119.33  2214.09  
1119.5  2208.24  
1112.95  2208.78  
1118.23  2213.95  
1114.04  2207.51  
1118.23  2213.95  
1115.95  2215.65  
1118.24  2216.17  
1118.23  2213.95  
1114.43  2210.17  
1118.56  2213.21  
1117.21  2214.96  
1114.51  2213.91  
1112.95  2208.78  
1118.35  2215.13  
1118.23  2213.95  
1114.7  2208.29  
1116.44  2213.69  
1114.04  2207.51  
1117.07  2213.39  
1118.23  2213.95  
1112.95  2208.78  
1116.24  2211.97  
1109.81  2206.1  
1117.27  2212  
1118.23  2213.95  
1117.49  2214.24  
1118.23  2213.95  
1115  2213.92  
1118.23  2213.95  
1118.23  2213.95  
1118.23  2213.95  
1118.24  2216.17  
1114.13  2213.8  
1114.18  2215.18  
1116.97  2209.27  
1117.22  2212.75  
1114.7  2208.29  
1114.04  2207.51  
1118.86  2214.92  
1118.23  2213.95  
1118.23  2213.95  
1118.35  2215.13  
1116.22  2209.02  
1115.46  2215.59  
1115.61  2212  
1113.71  2210.11  
1112.95  2208.78  
1118.72  2213.77  
1116.44  2213.69  
1112.95  2208.78  
1116.39  2210.79  
1116.94  2211.34  
1118.23  2213.95  
1118.24  2216.17  
1114.13  2213.8  
1114.04  2207.51  
1118.23  2213.95  
1109.81  2206.1  
1112.95  2208.78  
1118.24  2216.17  
1119.5  2208.24  
1114.96  2212.04  
1112.32  2206.69  
1116.69  2215.14  
1118.24  2216.17  
1114.04  2207.51  
1115.61  2212  
1113.71  2210.11  
1117.75  2216.1  
1117.07  2213.39  
1116.22  2209.02  
1113.71  2210.11  
1118.23  2213.95  
1116.97  2209.27  
1116.39  2210.79  
1114.36  2211.12  
1113.24  2215.92  
1114.04  2207.51  
1116.4  2215.19  
1117.45  2213.66  
1118.23  2213.95  
1117.79  2213.2  
1114.13  2213.8  
1118.23  2213.95  
1118.23  2213.95  
1118.23  2213.95  
1115  2215.74  
1116.39  2210.79  
1114.04  2207.51  
1118.23  2213.95  
1116.73  2215.98  
1112.95  2208.78  
1118.72  2213.77  
1118  2215.72  
1112.95  2208.78  
1118.23  2213.95  
1117.27  2212  
1114.18  2215.18  
1112.32  2206.69  
1114.7  2208.29  
1119.33  2214.09  
1116.94  2211.34  
1116.46  2213.67  
1118.23  2213.95  
1118.23  2213.95  
1118.23  2213.95  
1116.24  2211.97  
1114.04  2207.51  
1116.94  2211.34  
1114.04  2207.51  
1118.56  2213.21  
1117.16  2215.86  
1116.9  2213.72  
1112.95  2208.78  
1115.33  2214.5  
1114.04  2207.51  
1118.23  2213.95  
1113.71  2210.11  
1114.36  2211.12  
1118.23  2213.95  
1114.04  2207.51  
1114.7  2208.29  
1115  2213.92  
1114.13  2213.8  
1117.22  2212.75  
1114.04  2207.51  
1118.23  2213.95  
1118.24  2216.17  
1116.22  2209.02  
1118.72  2213.77  
1114.51  2213.91  
1118.23  2213.95  
1118.23  2213.95  
1116.69  2215.14  
1109.81  2206.1  
