1114.21  2205.43  
1114.21  2205.43  
1114.21  2205.43  
1114.21  2205.43  
1114.21  2205.43  
1114.21  2205.43  
1114.21  2205.43  
1114.21  2205.43  
1114.21  2205.43  
1114.21  2205.43  
1114.21  2205.43  
1114.21  2205.43  
1114.21  2205.43  
1114.21  2205.43  
1114.21  2205.43  
1114.21  2205.43  
1114.21  2205.43  
1114.21  2205.43  
1114.21  2205.43  
1114.21  2205.43  
1116.91  2209.76  
1116.91  2209.76  
1116.91  2209.76  
1119.22  2212.46  
1118.27  2207.65  
1114.19  2210.75  
1114.19  2210.75  
1114.19  2210.75  
1114.19  2210.75  
1120.37  2212.75  
1114.19  2210.75  
1118.27  2207.65  
1114.19  2210.75  
1115.22  2211.78  
1120.51  2210.94  
1119.78  2213.19  
1114.19  2210.75  
1116.2  2212.03  
1119.65  2213.7  
1114.19  2210.75  
1114.19  2210.75  
1117.47  2211.48  
1114.19  2210.75  
1116.91  2209.76  
1119.18  2212.44  
1120.38  2211.61  
1119.07  2213.01  
1113.28  2209.62  
1114.5  2213.28  
1114.19  2210.75  
1118.27  2207.65  
1119.22  2212.46  
1114.19  2210.75  
1120.51  2210.94  
1114.19  2210.75  
1114.19  2210.75  
1114.19  2210.75  
1120.36  2213.6  
1114.19  2210.75  
1120.51  2210.94  
1120.36  2213.6  
1114.19  2210.75  
1118.27  2212.86  
1116.68  2210.08  
1114.19  2210.75  
1116.91  2209.76  
1119.79  2209.7  
1117  2212.13  
1114.19  2210.75  
1118.44  2213.25  
1118.27  2212.86  
1114.19  2210.75  
1114.19  2210.75  
1119.18  2212.44  
1114.19  2210.75  
1118.47  2206.48  
1114.19  2210.75  
1117.95  2208.98  
1114.19  2210.75  
1114.19  2210.75  
1119.22  2212.46  
1120.51  2210.94  
1114.19  2210.75  
1114.19  2210.75  
1114.19  2210.75  
1114.19  2210.75  
1120.51  2210.94  
1119.79  2209.7  
1114.19  2210.75  
1114.19  2210.75  
1114.5  2213.28  
1114.19  2210.75  
1120.37  2212.75  
1116.91  2209.76  
1115.22  2211.78  
1113.28  2209.62  
1114.19  2210.75  
1114.19  2210.75  
1120.51  2210.94  
1114.19  2210.75  
1118.47  2206.48  
1114.19  2210.75  
1114.19  2210.75  
1114.19  2210.75  
1117.33  2213.66  
1119.18  2212.44  
1114.19  2210.75  
1116.68  2210.08  
1117.41  2210.96  
1114.19  2210.75  
1113.64  2213.37  
1118.59  2214.34  
1119.22  2212.46  
1115.22  2211.78  
1117.5  2207.52  
1118.27  2207.65  
1116.68  2210.08  
1114.19  2210.75  
1117.33  2213.66  
1114.19  2210.75  
1114.19  2210.75  
1114.19  2210.75  
1118.27  2207.65  
1114.19  2210.75  
1118.47  2206.48  
1119.78  2213.19  
1114.19  2210.75  
1114.19  2210.75  
1114.19  2210.75  
1119.95  2211.89  
1114.19  2210.75  
1115.22  2211.78  
1114.19  2210.75  
1114.19  2210.75  
1116.41  2211.49  
1119.22  2212.46  
1116.68  2210.08  
1114.19  2210.75  
1117.47  2211.48  
1116.68  2210.08  
1117  2212.13  
1114.19  2210.75  
1114.19  2210.75  
1114.19  2210.75  
1114.19  2210.75  
1119.37  2208.01  
1120.51  2210.94  
1114.19  2210.75  
1119.79  2209.7  
1114.19  2210.75  
1114.19  2210.75  
1116.41  2211.49  
1119.84  2213.69  
1119.22  2212.46  
1114.19  2210.75  
1114.19  2210.75  
1114.19  2210.75  
1118.47  2206.48  
1120.51  2210.94  
1120.51  2210.94  
1119.07  2213.01  
1119.37  2208.01  
1119.95  2211.89  
1114.19  2210.75  
1118.19  2211.66  
1119.07  2213.01  
1119.79  2209.7  
1114.19  2210.75  
1116.68  2210.08  
1114.19  2210.75  
1116.91  2209.76  
1117.33  2213.66  
1114.19  2210.75  
1118.47  2206.48  
1114.19  2210.75  
1114.19  2210.75  
1116.41  2211.49  
1118.19  2211.66  
1115.48  2211.98  
1120.37  2212.75  
1115.48  2211.98  
1114.19  2210.75  
1120.51  2210.94  
1116.91  2209.76  
1114.19  2210.75  
1116.2  2212.03  
1120.51  2210.94  
1114.19  2210.75  
1114.19  2210.75  
1117.41  2210.96  
1120.51  2210.94  
1114.19  2210.75  
1119.22  2212.46  
1117.5  2207.52  
1115.22  2211.78  
1116.91  2209.76  
1118.27  2212.86  
1114.19  2210.75  
1120.37  2212.75  
1118.44  2213.25  
