1114.02  2213.04  
1114.02  2213.04  
1114.02  2213.04  
1114.02  2213.04  
1114.02  2213.04  
1114.02  2213.04  
1114.02  2213.04  
1114.02  2213.04  
1114.02  2213.04  
1114.02  2213.04  
1114.02  2213.04  
1114.02  2213.04  
1114.02  2213.04  
1114.02  2213.04  
1114.02  2213.04  
1114.02  2213.04  
1114.02  2213.04  
1114.02  2213.04  
1114.02  2213.04  
1114.02  2213.04  
1113.64  2215.31  
1112.67  2215.21  
1113.64  2215.31  
1114.02  2213.04  
1113.64  2215.31  
1113.64  2215.31  
1113.64  2215.31  
1114.02  2213.04  
1114.02  2213.04  
1113.64  2215.31  
1112.67  2215.21  
1114.02  2213.04  
1113.64  2215.31  
1113.64  2215.31  
1113.64  2215.31  
1113.64  2215.31  
1113.64  2215.31  
1113.64  2215.31  
1113.64  2215.31  
1113.64  2215.31  
1114.02  2213.04  
1113.64  2215.31  
1113.64  2215.31  
1112.67  2215.21  
1113.64  2215.31  
1112.67  2215.21  
1113.64  2215.31  
1113.64  2215.31  
1114.02  2213.04  
1114.7  2212.71  
1113.64  2215.31  
1114.02  2213.04  
1114.02  2213.04  
1113.64  2215.31  
1114.02  2213.04  
1113.64  2215.31  
1113.64  2215.31  
1113.64  2215.31  
1113.64  2215.31  
1113.64  2215.31  
1113.64  2215.31  
1113.64  2215.31  
1112.67  2215.21  
1115.14  2214.71  
1114.02  2213.04  
1113.64  2215.31  
1114.02  2213.04  
1113.64  2215.31  
1113.64  2215.31  
1112.67  2215.21  
1113.64  2215.31  
1114.02  2213.04  
1113.64  2215.31  
1113.64  2215.31  
1113.64  2215.31  
1113.64  2215.31  
1114.02  2213.04  
1113.64  2215.31  
1113.64  2215.31  
1113.64  2215.31  
1113.64  2215.31  
1113.64  2215.31  
1112.67  2215.21  
1113.64  2215.31  
1116.73  2210.7  
1113.64  2215.31  
1113.64  2215.31  
1113.64  2215.31  
1112.67  2215.21  
1114.02  2213.04  
1112.67  2215.21  
1113.64  2215.31  
1113.64  2215.31  
1113.64  2215.31  
1113.64  2215.31  
1113.64  2215.31  
1113.64  2215.31  
1113.64  2215.31  
1113.64  2215.31  
1112.67  2215.21  
1112.67  2215.21  
1113.64  2215.31  
1113.64  2215.31  
1113.64  2215.31  
1114.02  2213.04  
1114.02  2213.04  
1112.67  2215.21  
1114.7  2212.71  
1113.64  2215.31  
1113.64  2215.31  
1113.64  2215.31  
1113.64  2215.31  
1114.02  2213.04  
1113.64  2215.31  
1114.02  2213.04  
1113.64  2215.31  
1113.64  2215.31  
1114.02  2213.04  
1113.64  2215.31  
1113.64  2215.31  
1113.64  2215.31  
1114.02  2213.04  
1113.64  2215.31  
1113.64  2215.31  
1113.64  2215.31  
1113.64  2215.31  
1114.02  2213.04  
1113.64  2215.31  
1114.02  2213.04  
1113.64  2215.31  
1114.02  2213.04  
1114.02  2213.04  
1113.64  2215.31  
1114.02  2213.04  
1114.02  2213.04  
1113.64  2215.31  
1112.67  2215.21  
1113.64  2215.31  
1113.64  2215.31  
1113.64  2215.31  
1115.14  2214.71  
1113.64  2215.31  
1113.64  2215.31  
1113.64  2215.31  
1112.67  2215.21  
1113.64  2215.31  
1112.67  2215.21  
1113.64  2215.31  
1113.64  2215.31  
1113.64  2215.31  
1114.7  2212.71  
1114.02  2213.04  
1114.02  2213.04  
1113.64  2215.31  
1113.64  2215.31  
1113.64  2215.31  
1113.64  2215.31  
1113.64  2215.31  
1113.64  2215.31  
1113.64  2215.31  
1113.64  2215.31  
1113.64  2215.31  
1113.64  2215.31  
1113.64  2215.31  
1113.64  2215.31  
1114.02  2213.04  
1113.64  2215.31  
1113.64  2215.31  
1114.02  2213.04  
1113.64  2215.31  
1113.64  2215.31  
1113.64  2215.31  
1113.64  2215.31  
1114.02  2213.04  
1114.02  2213.04  
1116.73  2210.7  
1114.02  2213.04  
1113.64  2215.31  
1113.64  2215.31  
1113.64  2215.31  
1114.7  2212.71  
1113.64  2215.31  
1113.64  2215.31  
1113.64  2215.31  
1114.02  2213.04  
1113.64  2215.31  
1114.02  2213.04  
1113.64  2215.31  
1113.64  2215.31  
1113.64  2215.31  
1113.64  2215.31  
1113.64  2215.31  
1113.64  2215.31  
1113.64  2215.31  
1114.02  2213.04  
1113.64  2215.31  
1113.64  2215.31  
1114.02  2213.04  
1113.64  2215.31  
1113.64  2215.31  
