1109.89  2207.01  
1109.89  2207.01  
1109.89  2207.01  
1109.89  2207.01  
1109.89  2207.01  
1109.89  2207.01  
1109.89  2207.01  
1109.89  2207.01  
1109.89  2207.01  
1109.89  2207.01  
1109.89  2207.01  
1109.89  2207.01  
1109.89  2207.01  
1109.89  2207.01  
1109.89  2207.01  
1109.89  2207.01  
1109.89  2207.01  
1109.89  2207.01  
1109.89  2207.01  
1109.89  2207.01  
1109.89  2207.01  
1110.52  2209.9  
1112.92  2205.92  
1109.89  2207.01  
1112.92  2205.92  
1109.89  2207.01  
1112.92  2205.92  
1110.52  2209.9  
1110.52  2209.9  
1112.51  2209.11  
1112.76  2209.85  
1110.52  2209.9  
1110.52  2209.9  
1109.89  2207.01  
1110.52  2209.9  
1109.89  2207.01  
1112.92  2205.92  
1110.52  2209.9  
1109.89  2207.01  
1110.52  2209.9  
1110.52  2209.9  
1112.51  2209.11  
1110.52  2209.9  
1110.52  2209.9  
1110.52  2209.9  
1109.89  2207.01  
1112.76  2209.85  
1110.52  2209.9  
1109.89  2207.01  
1110.52  2209.9  
1110.52  2209.9  
1110.52  2209.9  
1112.51  2209.11  
1112.92  2205.92  
1110.52  2209.9  
1110.52  2209.9  
1112.51  2209.11  
1112.76  2209.85  
1110.52  2209.9  
1109.89  2207.01  
1110.52  2209.9  
1109.89  2207.01  
1110.52  2209.9  
1112.76  2209.85  
1112.51  2209.11  
1112.76  2209.85  
1110.52  2209.9  
1109.89  2207.01  
1112.92  2205.92  
1112.92  2205.92  
1112.92  2205.92  
1112.76  2209.85  
1110.52  2209.9  
1110.52  2209.9  
1112.92  2205.92  
1110.52  2209.9  
1112.92  2205.92  
1112.92  2205.92  
1110.52  2209.9  
1110.52  2209.9  
1110.52  2209.9  
1109.89  2207.01  
1110.52  2209.9  
1110.52  2209.9  
1109.89  2207.01  
1110.52  2209.9  
1110.52  2209.9  
1112.51  2209.11  
1110.52  2209.9  
1112.92  2205.92  
1109.89  2207.01  
1112.76  2209.85  
1110.52  2209.9  
1109.89  2207.01  
1110.52  2209.9  
1110.52  2209.9  
1112.51  2209.11  
1110.52  2209.9  
1112.51  2209.11  
1112.76  2209.85  
1112.92  2205.92  
1110.52  2209.9  
1110.52  2209.9  
1112.51  2209.11  
1110.52  2209.9  
1110.52  2209.9  
1110.52  2209.9  
1110.52  2209.9  
1110.52  2209.9  
1110.52  2209.9  
1110.52  2209.9  
1109.89  2207.01  
1110.52  2209.9  
1112.76  2209.85  
1110.52  2209.9  
1112.76  2209.85  
1109.89  2207.01  
1112.51  2209.11  
1110.52  2209.9  
1110.52  2209.9  
1110.52  2209.9  
1109.89  2207.01  
1112.76  2209.85  
1110.52  2209.9  
1109.89  2207.01  
1109.89  2207.01  
1110.52  2209.9  
1110.52  2209.9  
1110.52  2209.9  
1110.52  2209.9  
1109.89  2207.01  
1109.89  2207.01  
1110.52  2209.9  
1112.51  2209.11  
1112.92  2205.92  
1110.52  2209.9  
1112.51  2209.11  
1112.92  2205.92  
1110.52  2209.9  
1110.52  2209.9  
1110.52  2209.9  
1110.52  2209.9  
1112.92  2205.92  
1110.52  2209.9  
1110.52  2209.9  
1109.89  2207.01  
1112.51  2209.11  
1112.92  2205.92  
1112.92  2205.92  
1112.92  2205.92  
1110.52  2209.9  
1112.92  2205.92  
1109.89  2207.01  
1109.89  2207.01  
1112.51  2209.11  
1109.89  2207.01  
1109.89  2207.01  
1112.76  2209.85  
1110.52  2209.9  
1110.52  2209.9  
1110.52  2209.9  
1110.52  2209.9  
1110.52  2209.9  
1112.51  2209.11  
1109.89  2207.01  
1112.76  2209.85  
1110.52  2209.9  
1110.52  2209.9  
1110.52  2209.9  
1110.52  2209.9  
1110.52  2209.9  
1112.92  2205.92  
1110.52  2209.9  
1109.89  2207.01  
1110.52  2209.9  
1110.52  2209.9  
1110.52  2209.9  
1112.76  2209.85  
1110.52  2209.9  
1110.52  2209.9  
1110.52  2209.9  
1110.52  2209.9  
1112.51  2209.11  
1110.52  2209.9  
1110.52  2209.9  
1112.51  2209.11  
1110.52  2209.9  
1112.51  2209.11  
1110.52  2209.9  
1110.52  2209.9  
1112.51  2209.11  
1110.52  2209.9  
1110.52  2209.9  
1112.51  2209.11  
1112.51  2209.11  
1110.52  2209.9  
1110.52  2209.9  
1109.89  2207.01  
1110.52  2209.9  
1110.52  2209.9  
