1109.98  2204.46  
1109.98  2204.46  
1109.98  2204.46  
1109.98  2204.46  
1109.98  2204.46  
1109.98  2204.46  
1109.98  2204.46  
1109.98  2204.46  
1109.98  2204.46  
1109.98  2204.46  
1109.98  2204.46  
1109.98  2204.46  
1109.98  2204.46  
1109.98  2204.46  
1109.98  2204.46  
1109.98  2204.46  
1109.98  2204.46  
1109.98  2204.46  
1109.98  2204.46  
1109.98  2204.46  
1109.98  2204.46  
1116.47  2215.16  
1115.14  2215.86  
1120.22  2214.23  
1120.81  2216.77  
1109.98  2204.46  
1109.98  2204.46  
1109.98  2204.46  
1120.14  2214.72  
1112.25  2213.37  
1109.98  2204.46  
1120.81  2216.77  
1118.43  2212.22  
1109.98  2204.46  
1109.98  2204.46  
1116.47  2215.16  
1112.28  2213.16  
1112.28  2213.16  
1117.1  2214.65  
1109.98  2204.46  
1116.59  2212.53  
1109.98  2204.46  
1116.47  2215.16  
1109.98  2204.46  
1118.43  2212.22  
1109.98  2204.46  
1109.98  2204.46  
1109.98  2204.46  
1109.98  2204.46  
1109.98  2204.46  
1109.98  2204.46  
1119.8  2215.15  
1117.95  2216.68  
1115.94  2216.78  
1109.98  2204.46  
1109.98  2204.46  
1109.98  2204.46  
1116.74  2215.38  
1120.91  2214.88  
1109.98  2204.46  
1116.28  2217.2  
1119.28  2213.96  
1118.43  2212.22  
1116.59  2212.53  
1109.98  2204.46  
1112.28  2213.16  
1114.59  2213.48  
1112.25  2213.37  
1116.59  2212.53  
1122.7  2217.4  
1117.1  2211.62  
1109.98  2204.46  
1109.98  2204.46  
1115.03  2214.69  
1109.98  2204.46  
1116.7  2214.95  
1109.98  2204.46  
1117.07  2212.32  
1109.98  2204.46  
1109.98  2204.46  
1117.07  2212.32  
1109.98  2204.46  
1109.98  2204.46  
1116.74  2216.17  
1109.98  2204.46  
1116.59  2212.53  
1117.07  2212.32  
1109.98  2204.46  
1118.05  2216.39  
1114.59  2213.48  
1115.63  2213.15  
1109.98  2204.46  
1109.98  2204.46  
1114.59  2213.48  
1117.7  2217.42  
1116.7  2214.95  
1109.98  2204.46  
1116.59  2212.53  
1117.1  2214.65  
1117.07  2212.32  
1117.07  2212.32  
1119.28  2213.96  
1121.68  2216.34  
1109.98  2204.46  
1117.61  2217.11  
1117.07  2212.32  
1120.06  2215.02  
1109.98  2204.46  
1114.59  2213.48  
1109.98  2204.46  
1109.98  2204.46  
1112.25  2213.37  
1109.98  2204.46  
1116.59  2212.53  
1109.98  2204.46  
1117.07  2212.32  
1109.98  2204.46  
1109.98  2204.46  
1109.98  2204.46  
1109.98  2204.46  
1109.98  2204.46  
1109.98  2204.46  
1116.59  2212.53  
1109.98  2204.46  
1109.98  2204.46  
1109.98  2204.46  
1109.98  2204.46  
1116.59  2212.53  
1118.43  2212.22  
1118.43  2212.22  
1119.28  2213.96  
1109.98  2204.46  
1109.98  2204.46  
1116.59  2212.53  
1116.74  2215.38  
1117.07  2212.32  
1116.47  2215.16  
1109.98  2204.46  
1116.47  2215.16  
1120.22  2214.23  
1109.98  2204.46  
1116.2  2217.34  
1121.68  2216.34  
1109.98  2204.46  
1115.03  2214.69  
1109.98  2204.46  
1109.98  2204.46  
1120.81  2216.77  
1112.28  2213.16  
1119.29  2217.13  
1109.98  2204.46  
1109.98  2204.46  
1109.98  2204.46  
1117.7  2217.42  
1115.94  2216.78  
1114.31  2216.4  
1109.98  2204.46  
1116.28  2217.2  
1114.94  2212.98  
1109.98  2204.46  
1109.98  2204.46  
1117.1  2214.65  
1109.98  2204.46  
1109.98  2204.46  
1116.59  2212.53  
1109.98  2204.46  
1109.98  2204.46  
1120.95  2215.96  
1109.98  2204.46  
1109.98  2204.46  
1109.98  2204.46  
1109.98  2204.46  
1115.63  2213.15  
1117.58  2215.16  
1109.98  2204.46  
1109.98  2204.46  
1109.98  2204.46  
1112.28  2213.16  
1109.98  2204.46  
1114.59  2213.48  
1112.25  2213.37  
1112.28  2213.16  
1116.7  2214.95  
1109.98  2204.46  
1117.07  2212.32  
1117.7  2217.42  
1117.07  2212.32  
1120.95  2215.96  
1109.98  2204.46  
1115.03  2214.69  
1112.28  2213.16  
1109.98  2204.46  
1109.98  2204.46  
1109.98  2204.46  
1109.98  2204.46  
1115.59  2215.29  
1109.98  2204.46  
1114.94  2212.98  
1109.98  2204.46  
1117.1  2211.62  
