1115.62  2211.26  
1117.23  2207.87  
1115.62  2211.26  
1115.62  2211.26  
1113.1  2215.08  
1113.1  2215.08  
1115.62  2211.26  
1115.62  2211.26  
1115.62  2211.26  
1114.25  2213.17  
1113.1  2215.08  
1115.68  2212.78  
1117.23  2207.87  
1113.1  2215.08  
1113.1  2215.08  
1115.62  2211.26  
1115.62  2211.26  
1113.1  2215.08  
1115.68  2212.78  
1117.23  2207.87  
1113.1  2215.08  
1116.75  2213.49  
1113.1  2215.08  
1113.1  2215.08  
1113.1  2215.08  
1113.1  2215.08  
1113.1  2215.08  
1113.1  2215.08  
1113.1  2215.08  
1113.1  2215.08  
1113.1  2215.08  
1113.1  2215.08  
1113.1  2215.08  
1113.1  2215.08  
1113.1  2215.08  
1113.1  2215.08  
1113.1  2215.08  
1113.1  2215.08  
1113.1  2215.08  
1117.36  2213.88  
1113.1  2215.08  
1113.1  2215.08  
1113.1  2215.08  
1113.1  2215.08  
1113.1  2215.08  
1113.1  2215.08  
1113.1  2215.08  
1113.1  2215.08  
1113.1  2215.08  
1113.1  2215.08  
1113.1  2215.08  
1113.1  2215.08  
1113.1  2215.08  
1113.1  2215.08  
1113.1  2215.08  
1113.1  2215.08  
1113.1  2215.08  
1113.1  2215.08  
1113.1  2215.08  
1113.1  2215.08  
1113.1  2215.08  
1113.1  2215.08  
1113.1  2215.08  
1113.1  2215.08  
1113.1  2215.08  
1113.1  2215.08  
1113.1  2215.08  
1113.1  2215.08  
1113.1  2215.08  
1113.1  2215.08  
1113.1  2215.08  
1113.1  2215.08  
1113.1  2215.08  
1113.1  2215.08  
1113.1  2215.08  
1113.1  2215.08  
1113.1  2215.08  
1113.1  2215.08  
1113.1  2215.08  
1113.1  2215.08  
1116.75  2213.49  
1113.1  2215.08  
1113.1  2215.08  
1115.62  2211.26  
1113.1  2215.08  
1113.1  2215.08  
1113.1  2215.08  
1113.1  2215.08  
1115.62  2211.26  
1113.1  2215.08  
1113.1  2215.08  
1113.1  2215.08  
1113.1  2215.08  
1113.1  2215.08  
1113.1  2215.08  
1113.1  2215.08  
1113.1  2215.08  
1113.1  2215.08  
1113.1  2215.08  
1117.23  2207.87  
1113.1  2215.08  
1113.1  2215.08  
1113.1  2215.08  
1113.1  2215.08  
1113.1  2215.08  
1113.1  2215.08  
1113.1  2215.08  
1113.1  2215.08  
1113.1  2215.08  
1113.1  2215.08  
1113.1  2215.08  
1113.1  2215.08  
1113.1  2215.08  
1113.1  2215.08  
1113.1  2215.08  
1113.1  2215.08  
1113.1  2215.08  
1113.1  2215.08  
1117.23  2207.87  
1115.62  2211.26  
1113.1  2215.08  
1113.1  2215.08  
1115.62  2211.26  
1113.1  2215.08  
1117.36  2213.88  
1113.1  2215.08  
1113.1  2215.08  
1113.1  2215.08  
1113.1  2215.08  
1113.1  2215.08  
1113.1  2215.08  
1113.1  2215.08  
1113.1  2215.08  
1113.1  2215.08  
1113.1  2215.08  
1113.1  2215.08  
1113.1  2215.08  
1113.1  2215.08  
1115.62  2211.26  
1113.1  2215.08  
1113.1  2215.08  
1113.1  2215.08  
1113.1  2215.08  
1113.1  2215.08  
1113.1  2215.08  
1113.1  2215.08  
1113.1  2215.08  
1113.1  2215.08  
1113.1  2215.08  
1113.1  2215.08  
1113.1  2215.08  
1113.1  2215.08  
1113.1  2215.08  
1113.1  2215.08  
1113.1  2215.08  
1113.1  2215.08  
1113.1  2215.08  
1113.1  2215.08  
1113.1  2215.08  
1113.1  2215.08  
1113.1  2215.08  
1113.1  2215.08  
1113.1  2215.08  
1113.1  2215.08  
1113.1  2215.08  
1113.1  2215.08  
1113.1  2215.08  
1115.62  2211.26  
1113.1  2215.08  
1113.1  2215.08  
1115.62  2211.26  
1113.1  2215.08  
1113.1  2215.08  
1113.1  2215.08  
1113.1  2215.08  
1113.1  2215.08  
1115.62  2211.26  
1113.1  2215.08  
1116.75  2213.49  
1113.1  2215.08  
1113.1  2215.08  
1113.1  2215.08  
1113.1  2215.08  
1113.1  2215.08  
1113.1  2215.08  
1113.1  2215.08  
1113.1  2215.08  
1115.62  2211.26  
1113.1  2215.08  
1113.1  2215.08  
1113.1  2215.08  
1113.1  2215.08  
1113.1  2215.08  
1113.1  2215.08  
1113.1  2215.08  
1113.1  2215.08  
1113.1  2215.08  
1113.1  2215.08  
1113.1  2215.08  
1113.1  2215.08  
