1114.65  2211.13  
1114.65  2211.13  
1114.65  2211.13  
1114.65  2211.13  
1114.65  2211.13  
1114.65  2211.13  
1114.65  2211.13  
1114.65  2211.13  
1114.65  2211.13  
1114.65  2211.13  
1114.65  2211.13  
1114.65  2211.13  
1114.65  2211.13  
1114.65  2211.13  
1114.65  2211.13  
1114.65  2211.13  
1114.65  2211.13  
1114.65  2211.13  
1114.65  2211.13  
1114.65  2211.13  
1114.65  2211.13  
1112.31  2214.32  
1112.31  2214.32  
1112.31  2214.32  
1112.31  2214.32  
1112.31  2214.32  
1112.31  2214.32  
1112.31  2214.32  
1112.31  2214.32  
1112.31  2214.32  
1112.31  2214.32  
1112.31  2214.32  
1113.61  2213.5  
1112.31  2214.32  
1112.31  2214.32  
1112.31  2214.32  
1115.39  2212.12  
1112.31  2214.32  
1112.31  2214.32  
1114.65  2211.13  
1112.31  2214.32  
1112.31  2214.32  
1112.31  2214.32  
1112.31  2214.32  
1112.31  2214.32  
1114.65  2211.13  
1112.31  2214.32  
1113.61  2213.5  
1112.31  2214.32  
1112.31  2214.32  
1112.31  2214.32  
1114.65  2211.13  
1112.31  2214.32  
1113.91  2209.07  
1114.65  2211.13  
1112.31  2214.32  
1114.65  2211.13  
1112.31  2214.32  
1112.31  2214.32  
1114.65  2211.13  
1112.31  2214.32  
1112.31  2214.32  
1112.31  2214.32  
1115.39  2212.12  
1112.31  2214.32  
1112.31  2214.32  
1112.31  2214.32  
1112.31  2214.32  
1115.39  2212.12  
1112.31  2214.32  
1114.65  2211.13  
1115.9  2214.24  
1112.31  2214.32  
1112.31  2214.32  
1112.31  2214.32  
1112.31  2214.32  
1112.31  2214.32  
1112.31  2214.32  
1112.31  2214.32  
1114.65  2211.13  
1113.61  2213.5  
1115.77  2210.76  
1112.31  2214.32  
1114.65  2211.13  
1114.65  2211.13  
1112.31  2214.32  
1114.65  2211.13  
1112.31  2214.32  
1112.31  2214.32  
1112.31  2214.32  
1112.31  2214.32  
1112.31  2214.32  
1112.31  2214.32  
1114.65  2211.13  
1112.31  2214.32  
1112.31  2214.32  
1114.65  2211.13  
1114.65  2211.13  
1114.65  2211.13  
1112.31  2214.32  
1112.31  2214.32  
1112.31  2214.32  
1112.31  2214.32  
1112.31  2214.32  
1114.65  2211.13  
1114.65  2211.13  
1112.31  2214.32  
1113.61  2213.5  
1112.31  2214.32  
1114.65  2211.13  
1112.31  2214.32  
1112.31  2214.32  
1112.31  2214.32  
1112.31  2214.32  
1115.39  2212.12  
1114.65  2211.13  
1112.31  2214.32  
1115.39  2212.12  
1112.31  2214.32  
1112.31  2214.32  
1112.31  2214.32  
1112.31  2214.32  
1112.31  2214.32  
1114.65  2211.13  
1112.31  2214.32  
1112.31  2214.32  
1112.31  2214.32  
1112.31  2214.32  
1112.31  2214.32  
1112.31  2214.32  
1112.31  2214.32  
1113.91  2209.07  
1112.31  2214.32  
1112.31  2214.32  
1112.31  2214.32  
1112.31  2214.32  
1115.39  2212.12  
1114.65  2211.13  
1112.31  2214.32  
1112.31  2214.32  
1112.31  2214.32  
1112.31  2214.32  
1112.31  2214.32  
1112.31  2214.32  
1112.31  2214.32  
1112.31  2214.32  
1114.65  2211.13  
1114.65  2211.13  
1113.61  2213.5  
1112.31  2214.32  
1112.31  2214.32  
1112.31  2214.32  
1112.31  2214.32  
1112.31  2214.32  
1115.39  2212.12  
1112.31  2214.32  
1112.31  2214.32  
1112.31  2214.32  
1114.65  2211.13  
1112.31  2214.32  
1112.31  2214.32  
1112.31  2214.32  
1112.31  2214.32  
1112.31  2214.32  
1112.31  2214.32  
1114.65  2211.13  
1115.39  2212.12  
1112.31  2214.32  
1115.9  2214.24  
1112.31  2214.32  
1112.31  2214.32  
1113.61  2213.5  
1112.31  2214.32  
1112.31  2214.32  
1112.31  2214.32  
1112.31  2214.32  
1114.65  2211.13  
1115.77  2210.76  
1112.31  2214.32  
1112.31  2214.32  
1112.31  2214.32  
1112.31  2214.32  
1112.31  2214.32  
1112.31  2214.32  
1112.31  2214.32  
1112.31  2214.32  
1112.31  2214.32  
1112.31  2214.32  
1112.31  2214.32  
1112.31  2214.32  
1114.65  2211.13  
1112.31  2214.32  
1114.65  2211.13  
1112.31  2214.32  
1114.65  2211.13  
1112.31  2214.32  
1112.31  2214.32  
1112.31  2214.32  
1112.31  2214.32  
1112.31  2214.32  
