1108.71  2205.38  
1108.71  2205.38  
1108.71  2205.38  
1108.71  2205.38  
1108.71  2205.38  
1108.71  2205.38  
1108.71  2205.38  
1108.71  2205.38  
1108.71  2205.38  
1108.71  2205.38  
1108.71  2205.38  
1108.71  2205.38  
1108.71  2205.38  
1108.71  2205.38  
1108.71  2205.38  
1108.71  2205.38  
1108.71  2205.38  
1108.71  2205.38  
1108.71  2205.38  
1108.71  2205.38  
1110.47  2210.06  
1111.77  2212.64  
1111.77  2212.64  
1111.77  2212.64  
1115.35  2212.58  
1111.34  2211.28  
1111.77  2212.64  
1110.47  2210.06  
1115.35  2212.58  
1110.47  2210.06  
1113.84  2212.22  
1114.27  2208.92  
1115.35  2212.58  
1111.77  2212.64  
1115.9  2213.91  
1115.41  2214.11  
1108.71  2205.38  
1110.47  2210.06  
1111.77  2212.64  
1115.44  2214.12  
1112.36  2208.87  
1115.76  2213.71  
1111.77  2212.64  
1116.06  2213.51  
1111.6  2212.99  
1109.83  2207.64  
1111.77  2212.64  
1115.44  2214.12  
1110.47  2210.06  
1111.53  2210.5  
1114.8  2213.02  
1112.15  2213.62  
1113.51  2210.11  
1113.8  2210.41  
1113.41  2209.9  
1108.71  2205.38  
1115.06  2213.41  
1113.58  2213.43  
1110.47  2210.06  
1114.27  2208.92  
1111.77  2212.64  
1115.44  2214.12  
1111.77  2212.64  
1114.42  2211.69  
1112.76  2210.96  
1111.77  2212.64  
1114.42  2211.69  
1110.47  2210.06  
1115.44  2214.12  
1112.76  2210.96  
1116.06  2213.51  
1111.77  2212.64  
1108.71  2205.38  
1114.8  2213.02  
1115.3  2213.86  
1108.71  2205.38  
1110.22  2211.65  
1111.77  2212.64  
1114.24  2214.06  
1116.05  2212.18  
1111.77  2212.64  
1113.07  2212.91  
1115.44  2214.12  
1111.77  2212.64  
1111.53  2210.5  
1108.71  2205.38  
1113.52  2213.93  
1111.77  2212.64  
1114.77  2213.35  
1111.77  2212.64  
1111.77  2212.64  
1110.47  2210.06  
1115.44  2214.12  
1115.24  2212.93  
1112.15  2213.62  
1113.57  2210.22  
1113.58  2213.43  
1111.09  2213.96  
1111.77  2212.64  
1114.42  2211.69  
1110.47  2210.06  
1116.05  2212.18  
1115.3  2213.86  
1114.41  2212.46  
1111.34  2211.28  
1116.34  2211.04  
1110.47  2210.06  
1116.05  2212.18  
1115.35  2212.58  
1108.71  2205.38  
1108.71  2205.38  
1110.47  2210.06  
1110.47  2210.06  
1112.76  2210.96  
1109.83  2207.64  
1111.77  2212.64  
1114.58  2210.07  
1114.58  2210.07  
1108.71  2205.38  
1110.47  2210.06  
1112.76  2210.96  
1115.06  2213.41  
1113.23  2212.64  
1108.71  2205.38  
1110.47  2210.06  
1109.61  2207.24  
1111.77  2212.64  
1109.61  2207.24  
1110.22  2211.65  
1111.77  2212.64  
1110.47  2210.06  
1109.61  2207.24  
1114.77  2213.35  
1111.77  2212.64  
1114.9  2213.87  
1115.06  2213.41  
1110.47  2210.06  
1114.41  2212.46  
1113.41  2209.9  
1111.77  2212.64  
1115.44  2214.12  
1113.3  2213.09  
1114.41  2212.46  
1112.18  2213.8  
1110.47  2210.06  
1108.71  2205.38  
1113.41  2209.9  
1108.71  2205.38  
1113.84  2212.22  
1115.3  2210.54  
1115.3  2213.86  
1110.47  2210.06  
1113.57  2210.22  
1109.61  2207.24  
1115.7  2213.84  
1115.9  2211.46  
1109.83  2207.64  
1116.03  2213.42  
1112.4  2212.61  
1115.76  2213.71  
1111.6  2212.99  
1111.77  2212.64  
1111.77  2212.64  
1115.76  2213.71  
1113.52  2213.93  
1114.42  2211.69  
1114.41  2212.46  
1109.61  2207.24  
1111.77  2212.64  
1110.47  2210.06  
1109.83  2207.64  
1112.76  2210.96  
1110.47  2210.06  
1116.34  2211.04  
1111.09  2213.96  
1115.44  2214.12  
1111.77  2212.64  
1110.22  2211.65  
1111.77  2212.64  
1111.77  2212.64  
1110.47  2210.06  
1115.9  2213.91  
1113.8  2210.41  
1113.84  2212.22  
1111.77  2212.64  
1113.58  2213.43  
1109.61  2207.24  
1108.71  2205.38  
1114.8  2213.02  
1111.6  2212.99  
1111.11  2213.6  
1112.76  2210.96  
1114.41  2212.46  
1110.47  2210.06  
1108.71  2205.38  
1108.71  2205.38  
1110.47  2210.06  
1113.23  2212.64  
1112.4  2212.61  
1113.57  2210.22  
