1108.6  2205.95  
1108.6  2205.95  
1108.6  2205.95  
1108.6  2205.95  
1108.6  2205.95  
1108.6  2205.95  
1108.6  2205.95  
1108.6  2205.95  
1108.6  2205.95  
1108.6  2205.95  
1108.6  2205.95  
1108.6  2205.95  
1108.6  2205.95  
1108.6  2205.95  
1108.6  2205.95  
1108.6  2205.95  
1108.6  2205.95  
1108.6  2205.95  
1108.6  2205.95  
1108.6  2205.95  
1115.51  2214.24  
1108.6  2205.95  
1108.6  2205.95  
1108.6  2205.95  
1115.51  2214.24  
1115.51  2214.24  
1108.6  2205.95  
1108.6  2205.95  
1108.6  2205.95  
1114.71  2212.14  
1108.6  2205.95  
1113.59  2213.81  
1108.6  2205.95  
1115.51  2214.24  
1113.51  2210.88  
1115.51  2214.24  
1113.59  2213.81  
1108.6  2205.95  
1108.6  2205.95  
1115.15  2211.57  
1115.04  2212.59  
1108.6  2205.95  
1108.6  2205.95  
1108.6  2205.95  
1108.6  2205.95  
1108.6  2205.95  
1115.51  2214.24  
1108.6  2205.95  
1108.6  2205.95  
1108.6  2205.95  
1115.15  2211.57  
1108.6  2205.95  
1108.6  2205.95  
1108.6  2205.95  
1115.51  2214.24  
1108.6  2205.95  
1108.6  2205.95  
1108.6  2205.95  
1115.04  2212.59  
1114.71  2212.14  
1115.51  2214.24  
1112.92  2205.49  
1108.6  2205.95  
1108.6  2205.95  
1108.6  2205.95  
1108.6  2205.95  
1108.6  2205.95  
1113.59  2213.81  
1108.6  2205.95  
1115.04  2212.59  
1113.59  2213.81  
1108.6  2205.95  
1108.6  2205.95  
1108.6  2205.95  
1115.51  2214.24  
1108.6  2205.95  
1108.6  2205.95  
1108.6  2205.95  
1115.51  2214.24  
1115.51  2214.24  
1108.6  2205.95  
1108.6  2205.95  
1115.51  2214.24  
1108.6  2205.95  
1108.6  2205.95  
1114.71  2212.14  
1108.6  2205.95  
1108.6  2205.95  
1115.51  2214.24  
1112.92  2205.49  
1108.6  2205.95  
1115.51  2214.24  
1108.6  2205.95  
1113.59  2213.81  
1115.51  2214.24  
1108.6  2205.95  
1108.6  2205.95  
1108.6  2205.95  
1115.51  2214.24  
1108.6  2205.95  
1115.51  2214.24  
1115.51  2214.24  
1115.51  2214.24  
1108.6  2205.95  
1108.6  2205.95  
1108.6  2205.95  
1108.6  2205.95  
1108.6  2205.95  
1108.6  2205.95  
1115.22  2214.23  
1115.88  2212.85  
1108.6  2205.95  
1108.6  2205.95  
1113.51  2210.88  
1108.6  2205.95  
1108.6  2205.95  
1108.6  2205.95  
1113.59  2213.81  
1115.51  2214.24  
1108.6  2205.95  
1114.71  2212.14  
1108.6  2205.95  
1108.6  2205.95  
1108.6  2205.95  
1108.6  2205.95  
1108.6  2205.95  
1108.6  2205.95  
1108.6  2205.95  
1108.6  2205.95  
1108.6  2205.95  
1108.6  2205.95  
1114.71  2212.14  
1115.51  2214.24  
1108.6  2205.95  
1108.6  2205.95  
1108.6  2205.95  
1108.6  2205.95  
1108.6  2205.95  
1108.6  2205.95  
1108.6  2205.95  
1108.6  2205.95  
1115.51  2214.24  
1115.04  2212.59  
1108.6  2205.95  
1108.6  2205.95  
1108.6  2205.95  
1108.6  2205.95  
1108.6  2205.95  
1108.6  2205.95  
1108.6  2205.95  
1108.6  2205.95  
1108.6  2205.95  
1108.6  2205.95  
1114.71  2212.14  
1108.6  2205.95  
1115.04  2212.59  
1108.6  2205.95  
1114.71  2212.14  
1108.6  2205.95  
1114.72  2210.43  
1108.6  2205.95  
1108.6  2205.95  
1108.6  2205.95  
1108.6  2205.95  
1108.6  2205.95  
1108.6  2205.95  
1108.6  2205.95  
1108.6  2205.95  
1108.6  2205.95  
1113.59  2213.81  
1108.6  2205.95  
1115.51  2214.24  
1114.71  2212.14  
1108.6  2205.95  
1108.6  2205.95  
1108.6  2205.95  
1108.6  2205.95  
1108.6  2205.95  
1108.6  2205.95  
1108.6  2205.95  
1115.51  2214.24  
1108.6  2205.95  
1108.6  2205.95  
1108.6  2205.95  
1108.6  2205.95  
1108.6  2205.95  
1115.51  2214.24  
1108.6  2205.95  
1115.51  2214.24  
1115.51  2214.24  
1108.6  2205.95  
1115.51  2214.24  
1108.6  2205.95  
1115.51  2214.24  
1115.51  2214.24  
1108.6  2205.95  
1108.6  2205.95  
1115.51  2214.24  
1108.6  2205.95  
1108.6  2205.95  
