1109.07  2205.91  
1109.07  2205.91  
1109.07  2205.91  
1109.07  2205.91  
1109.07  2205.91  
1109.07  2205.91  
1109.07  2205.91  
1109.07  2205.91  
1109.07  2205.91  
1109.07  2205.91  
1109.07  2205.91  
1109.07  2205.91  
1109.07  2205.91  
1109.07  2205.91  
1109.07  2205.91  
1109.07  2205.91  
1109.07  2205.91  
1109.07  2205.91  
1109.07  2205.91  
1109.07  2205.91  
1109.07  2205.91  
1109.07  2205.91  
1109.07  2205.91  
1109.07  2205.91  
1109.07  2205.91  
1109.07  2205.91  
1109.07  2205.91  
1109.07  2205.91  
1116.15  2213.88  
1109.07  2205.91  
1109.07  2205.91  
1109.07  2205.91  
1109.07  2205.91  
1109.07  2205.91  
1109.07  2205.91  
1109.07  2205.91  
1109.07  2205.91  
1109.07  2205.91  
1109.07  2205.91  
1116.15  2213.88  
1109.07  2205.91  
1109.07  2205.91  
1109.07  2205.91  
1109.07  2205.91  
1109.07  2205.91  
1109.07  2205.91  
1109.07  2205.91  
1116.66  2210.9  
1109.07  2205.91  
1109.07  2205.91  
1109.07  2205.91  
1109.07  2205.91  
1109.07  2205.91  
1109.07  2205.91  
1109.07  2205.91  
1109.07  2205.91  
1109.07  2205.91  
1109.07  2205.91  
1109.07  2205.91  
1109.07  2205.91  
1109.07  2205.91  
1109.07  2205.91  
1109.07  2205.91  
1113.48  2210.62  
1109.07  2205.91  
1109.07  2205.91  
1109.07  2205.91  
1113.53  2213.38  
1109.07  2205.91  
1109.07  2205.91  
1109.07  2205.91  
1109.07  2205.91  
1109.07  2205.91  
1109.07  2205.91  
1109.07  2205.91  
1109.07  2205.91  
1109.07  2205.91  
1109.07  2205.91  
1109.07  2205.91  
1109.07  2205.91  
1109.07  2205.91  
1109.07  2205.91  
1116.15  2213.88  
1109.07  2205.91  
1109.07  2205.91  
1109.07  2205.91  
1109.07  2205.91  
1109.07  2205.91  
1114.54  2210.11  
1109.07  2205.91  
1109.07  2205.91  
1109.07  2205.91  
1109.07  2205.91  
1109.07  2205.91  
1109.07  2205.91  
1116.66  2210.9  
1109.07  2205.91  
1109.07  2205.91  
1109.07  2205.91  
1109.07  2205.91  
1109.07  2205.91  
1113.53  2213.38  
1109.07  2205.91  
1109.07  2205.91  
1109.07  2205.91  
1109.07  2205.91  
1116.15  2213.88  
1109.07  2205.91  
1109.07  2205.91  
1109.07  2205.91  
1109.07  2205.91  
1109.07  2205.91  
1109.07  2205.91  
1109.07  2205.91  
1109.07  2205.91  
1109.07  2205.91  
1116.15  2213.88  
1109.07  2205.91  
1113.53  2213.38  
1109.07  2205.91  
1109.07  2205.91  
1109.07  2205.91  
1109.07  2205.91  
1109.07  2205.91  
1109.07  2205.91  
1109.07  2205.91  
1109.07  2205.91  
1109.07  2205.91  
1109.07  2205.91  
1109.07  2205.91  
1109.07  2205.91  
1109.07  2205.91  
1109.07  2205.91  
1109.07  2205.91  
1109.07  2205.91  
1109.07  2205.91  
1109.07  2205.91  
1109.07  2205.91  
1109.07  2205.91  
1109.07  2205.91  
1109.07  2205.91  
1109.07  2205.91  
1109.07  2205.91  
1109.07  2205.91  
1109.07  2205.91  
1109.07  2205.91  
1109.07  2205.91  
1109.07  2205.91  
1109.07  2205.91  
1109.07  2205.91  
1109.07  2205.91  
1109.07  2205.91  
1109.07  2205.91  
1109.07  2205.91  
1116.15  2213.88  
1109.07  2205.91  
1109.07  2205.91  
1109.07  2205.91  
1109.07  2205.91  
1113.53  2213.38  
1109.07  2205.91  
1109.07  2205.91  
1109.07  2205.91  
1113.53  2213.38  
1109.07  2205.91  
1109.07  2205.91  
1116.15  2213.88  
1109.07  2205.91  
1109.07  2205.91  
1109.07  2205.91  
1109.07  2205.91  
1109.07  2205.91  
1109.07  2205.91  
1109.07  2205.91  
1109.07  2205.91  
1113.53  2213.38  
1113.53  2213.38  
1109.07  2205.91  
1109.07  2205.91  
1109.07  2205.91  
1109.07  2205.91  
1109.07  2205.91  
1109.07  2205.91  
1109.07  2205.91  
1109.07  2205.91  
1109.07  2205.91  
1109.07  2205.91  
1109.07  2205.91  
1109.07  2205.91  
1109.07  2205.91  
1116.15  2213.88  
1109.07  2205.91  
1113.53  2213.38  
1109.07  2205.91  
1109.07  2205.91  
1109.07  2205.91  
1109.07  2205.91  
1109.07  2205.91  
1109.07  2205.91  
1109.07  2205.91  
