1113.07  2210.51  
1113.07  2210.51  
1113.07  2210.51  
1113.07  2210.51  
1113.07  2210.51  
1113.07  2210.51  
1113.07  2210.51  
1113.07  2210.51  
1113.07  2210.51  
1113.07  2210.51  
1113.07  2210.51  
1113.07  2210.51  
1113.07  2210.51  
1113.07  2210.51  
1113.07  2210.51  
1113.07  2210.51  
1113.07  2210.51  
1113.07  2210.51  
1113.07  2210.51  
1113.07  2210.51  
1114.88  2215.21  
1114.16  2214.15  
1113.46  2209.96  
1114.16  2214.15  
1117.35  2214.86  
1114.88  2215.21  
1114.88  2215.21  
1114.16  2214.15  
1114.88  2215.21  
1115.2  2214.68  
1114.88  2215.21  
1116.35  2215.98  
1114.88  2215.21  
1114.88  2215.21  
1114.16  2214.15  
1115.2  2214.68  
1116.67  2214.77  
1114.88  2215.21  
1116.39  2210.7  
1115.92  2214.89  
1114.16  2214.15  
1114.88  2215.21  
1114.88  2215.21  
1114.16  2214.15  
1116.67  2214.77  
1115.92  2214.89  
1115.92  2214.89  
1114.88  2215.21  
1115.2  2214.68  
1115.2  2214.68  
1114.88  2215.21  
1115.92  2214.89  
1113.89  2212.03  
1115.2  2214.68  
1114.88  2215.21  
1116.45  2214.98  
1115.93  2212.84  
1114.88  2215.21  
1114.88  2215.21  
1114.88  2215.21  
1113.46  2209.96  
1116.39  2210.7  
1114.88  2215.21  
1114.16  2214.15  
1114.88  2215.21  
1114.88  2215.21  
1115.92  2214.89  
1114.88  2215.21  
1114.88  2215.21  
1114.88  2215.21  
1113.07  2210.51  
1117.73  2216.1  
1114.16  2214.15  
1115.2  2214.68  
1114.88  2215.21  
1116.45  2214.98  
1114.88  2215.21  
1114.88  2215.21  
1114.16  2214.15  
1114.88  2215.21  
1115.2  2214.68  
1114.16  2214.15  
1114.88  2215.21  
1114.88  2215.21  
1116.46  2215.45  
1114.88  2215.21  
1114.88  2215.21  
1116.76  2214.89  
1115.58  2216.76  
1114.88  2215.21  
1114.88  2215.21  
1114.88  2215.21  
1116.67  2214.77  
1114.88  2215.21  
1114.16  2214.15  
1117.35  2214.86  
1114.88  2215.21  
1114.16  2214.15  
1114.88  2215.21  
1113.89  2212.03  
1114.88  2215.21  
1116.39  2210.7  
1114.88  2215.21  
1114.16  2214.15  
1114.88  2215.21  
1115.58  2216.76  
1114.16  2214.15  
1114.88  2215.21  
1114.88  2215.21  
1114.16  2214.15  
1114.88  2215.21  
1115.92  2214.89  
1116.71  2215.73  
1114.88  2215.21  
1115.93  2212.84  
1116.3  2210.87  
1114.88  2215.21  
1114.16  2214.15  
1114.16  2214.15  
1114.88  2215.21  
1116.71  2215.73  
1114.88  2215.21  
1114.88  2215.21  
1114.88  2215.21  
1115.93  2212.84  
1114.88  2215.21  
1114.16  2214.15  
1114.88  2215.21  
1114.88  2215.21  
1117.35  2214.86  
1114.88  2215.21  
1114.88  2215.21  
1114.88  2215.21  
1115.92  2214.89  
1114.16  2214.15  
1115.92  2214.89  
1115.92  2214.89  
1114.16  2214.15  
1114.16  2214.15  
1114.16  2214.15  
1114.88  2215.21  
1114.88  2215.21  
1116.39  2210.7  
1116.3  2210.87  
1114.88  2215.21  
1114.16  2214.15  
1114.88  2215.21  
1114.88  2215.21  
1113.07  2210.51  
1115.92  2214.89  
1114.16  2214.15  
1116.67  2214.77  
1114.88  2215.21  
1114.88  2215.21  
1114.16  2214.15  
1115.92  2214.89  
1114.88  2215.21  
1114.16  2214.15  
1114.88  2215.21  
1115.92  2214.89  
1114.88  2215.21  
1113.07  2210.51  
1114.88  2215.21  
1114.88  2215.21  
1114.16  2214.15  
1116.39  2210.7  
1117.35  2214.86  
1118.71  2215.08  
1114.88  2215.21  
1116.95  2213.68  
1114.88  2215.21  
1116.67  2214.77  
1114.88  2215.21  
1114.88  2215.21  
1116.39  2210.7  
1118.37  2215.59  
1114.88  2215.21  
1114.88  2215.21  
1115.92  2214.89  
1117.33  2215.33  
1114.16  2214.15  
1115.2  2214.68  
1114.88  2215.21  
1114.88  2215.21  
1114.88  2215.21  
1114.16  2214.15  
1115.72  2215.58  
1114.16  2214.15  
1115.2  2214.68  
1115.58  2216.76  
1114.88  2215.21  
1114.88  2215.21  
1114.16  2214.15  
1114.88  2215.21  
1114.88  2215.21  
1114.88  2215.21  
1114.88  2215.21  
1114.88  2215.21  
1114.88  2215.21  
1114.88  2215.21  
