9052.92  33285.1  
9153.29  33285.1  
9120.52  33285.1  
9133.34  33285.1  
9097.87  33285.1  
9111.94  33285.1  
9133.06  33285.1  
9120.52  33285.1  
9155.23  33285.1  
9133.34  33285.1  
9113.37  33285.1  
9157.03  33285.1  
9113.37  33285.1  
9113.37  33285.1  
9120.52  33285.1  
9155.23  33285.1  
9120.52  33285.1  
9052.92  33285.1  
9111.94  33285.1  
9155.23  33285.1  
9120.52  33285.1  
9155.23  33285.1  
9097.87  33285.1  
9120.52  33285.1  
9113.37  33285.1  
9155.23  33285.1  
9097.87  33285.1  
9113.37  33285.1  
9097.87  33285.1  
9113.37  33285.1  
9133.34  33285.1  
9097.87  33285.1  
9097.87  33285.1  
9155.23  33285.1  
9155.23  33285.1  
9113.37  33285.1  
9113.37  33285.1  
9113.37  33285.1  
9113.37  33285.1  
9111.94  33285.1  
9120.52  33285.1  
9169.87  33285.1  
9120.52  33285.1  
9097.87  33285.1  
9133.06  33285.1  
9020.41  33285.1  
9120.52  33285.1  
9120.52  33285.1  
9154.1  33285.1  
9020.41  33285.1  
9155.23  33285.1  
9113.37  33285.1  
9113.37  33285.1  
9111.94  33285.1  
9113.37  33285.1  
9113.37  33285.1  
9120.52  33285.1  
9155.23  33285.1  
9097.87  33285.1  
9155.23  33285.1  
9135.85  33285.1  
9120.52  33285.1  
9155.23  33285.1  
9155.23  33285.1  
9135.85  33285.1  
9113.37  33285.1  
9113.37  33285.1  
9133.34  33285.1  
9120.52  33285.1  
9155.23  33285.1  
9138.62  33285.1  
9097.87  33285.1  
9120.52  33285.1  
9113.37  33285.1  
9120.52  33285.1  
9135.85  33285.1  
9144.86  33285.1  
9120.52  33285.1  
9120.52  33285.1  
9153.29  33285.1  
9111.94  33285.1  
9113.37  33285.1  
9020.41  33285.1  
9120.52  33285.1  
9120.52  33285.1  
9120.52  33285.1  
9097.87  33285.1  
9113.37  33285.1  
9097.87  33285.1  
9199.7  33285.1  
9097.87  33285.1  
9052.92  33285.1  
9120.52  33285.1  
9111.94  33285.1  
9155.23  33285.1  
9097.87  33285.1  
9120.52  33285.1  
9133.06  33285.1  
9097.87  33285.1  
9155.23  33285.1  
9052.92  33285.1  
9113.37  33285.1  
9120.52  33285.1  
9113.37  33285.1  
9020.41  33285.1  
9120.52  33285.1  
9052.92  33285.1  
9120.52  33285.1  
9133.34  33285.1  
9155.23  33285.1  
9120.52  33285.1  
9133.06  33285.1  
9120.52  33285.1  
9081.22  33285.1  
9097.87  33285.1  
9120.52  33285.1  
9097.87  33285.1  
9120.52  33285.1  
9052.92  33285.1  
9120.52  33285.1  
9153.29  33285.1  
9097.87  33285.1  
9120.52  33285.1  
9120.52  33285.1  
9138.62  33285.1  
9113.37  33285.1  
9120.52  33285.1  
9120.52  33285.1  
9120.52  33285.1  
9126.56  33285.1  
9155.23  33285.1  
9052.92  33285.1  
9113.37  33285.1  
9113.37  33285.1  
9113.37  33285.1  
9133.34  33285.1  
9120.52  33285.1  
9097.87  33285.1  
9097.87  33285.1  
9097.87  33285.1  
9113.37  33285.1  
9111.94  33285.1  
9133.34  33285.1  
9113.37  33285.1  
9120.52  33285.1  
9120.52  33285.1  
9097.87  33285.1  
9120.52  33285.1  
9120.52  33285.1  
9097.87  33285.1  
9120.52  33285.1  
9155.23  33285.1  
9120.52  33285.1  
9208.55  33285.1  
9097.87  33285.1  
9133.34  33285.1  
9113.37  33285.1  
9120.52  33285.1  
9155.23  33285.1  
9133.34  33285.1  
9138.62  33285.1  
9113.37  33285.1  
9133.06  33285.1  
9113.37  33285.1  
9097.87  33285.1  
9120.52  33285.1  
9113.37  33285.1  
9133.34  33285.1  
9155.23  33285.1  
9111.94  33285.1  
9113.37  33285.1  
9120.52  33285.1  
9113.37  33285.1  
9208.55  33285.1  
9113.37  33285.1  
9111.94  33285.1  
9133.06  33285.1  
9120.52  33285.1  
9113.37  33285.1  
9052.92  33285.1  
9120.52  33285.1  
9113.37  33285.1  
9081.22  33285.1  
9120.52  33285.1  
9155.23  33285.1  
9120.52  33285.1  
9097.87  33285.1  
9120.52  33285.1  
9133.34  33285.1  
9113.37  33285.1  
9155.23  33285.1  
9111.94  33285.1  
9120.52  33285.1  
9120.52  33285.1  
9120.52  33285.1  
9133.34  33285.1  
9120.52  33285.1  
9133.34  33285.1  
9120.52  33285.1  
9113.37  33285.1  
