9119.51  33285.1  
9104.37  33285.1  
9119.51  33285.1  
9184.08  33285.1  
9175.25  33285.1  
9141.22  33285.1  
9119.51  33285.1  
9187.65  33285.1  
9052.92  33285.1  
9104.37  33285.1  
9176.54  33285.1  
9105.86  33285.1  
9070.63  33285.1  
9123.13  33285.1  
9187.65  33285.1  
9176.73  33285.1  
9175.25  33285.1  
9097.19  33285.1  
9176.54  33285.1  
9154.11  33285.1  
9133.34  33285.1  
9175.25  33285.1  
9187.65  33285.1  
9052.92  33285.1  
9105.86  33285.1  
9104.37  33285.1  
9175.25  33285.1  
9119.51  33285.1  
9166.53  33285.1  
9119.51  33285.1  
9165.61  33285.1  
9097.19  33285.1  
9175.25  33285.1  
9052.92  33285.1  
9104.37  33285.1  
9176.73  33285.1  
9119.51  33285.1  
9119.51  33285.1  
9119.51  33285.1  
9105.86  33285.1  
9175.25  33285.1  
9165.61  33285.1  
9175.25  33285.1  
9088.55  33285.1  
9097.19  33285.1  
9104.37  33285.1  
9148.27  33285.1  
9104.37  33285.1  
9141.22  33285.1  
9119.51  33285.1  
9175.25  33285.1  
9187.65  33285.1  
9154.11  33285.1  
9172.49  33285.1  
9176.73  33285.1  
9148.27  33285.1  
9097.19  33285.1  
9104.37  33285.1  
9088.55  33285.1  
9104.37  33285.1  
9154.11  33285.1  
9133.34  33285.1  
9184.08  33285.1  
9172.49  33285.1  
9162.52  33285.1  
9184.08  33285.1  
9175.25  33285.1  
9169.93  33285.1  
9148.27  33285.1  
9123.13  33285.1  
9097.19  33285.1  
9162.52  33285.1  
9141.22  33285.1  
9119.51  33285.1  
9175.25  33285.1  
9176.73  33285.1  
9097.19  33285.1  
9169.93  33285.1  
9104.37  33285.1  
9052.92  33285.1  
9207.46  33285.1  
9119.51  33285.1  
9175.25  33285.1  
9105.86  33285.1  
9166.53  33285.1  
9070.63  33285.1  
9154.11  33285.1  
9176.73  33285.1  
9105.86  33285.1  
9105.86  33285.1  
9088.55  33285.1  
9176.54  33285.1  
9104.37  33285.1  
9176.73  33285.1  
9154.11  33285.1  
9175.25  33285.1  
9153.29  33285.1  
9162.52  33285.1  
9119.51  33285.1  
9119.51  33285.1  
9176.73  33285.1  
9176.73  33285.1  
9175.25  33285.1  
9119.51  33285.1  
9141.22  33285.1  
9070.63  33285.1  
9176.73  33285.1  
9070.63  33285.1  
9141.22  33285.1  
9188.75  33285.1  
9105.86  33285.1  
9154.11  33285.1  
9154.11  33285.1  
9154.11  33285.1  
9097.19  33285.1  
9104.37  33285.1  
9119.51  33285.1  
9154.11  33285.1  
9097.19  33285.1  
9154.11  33285.1  
9052.92  33285.1  
9119.51  33285.1  
9104.37  33285.1  
9176.54  33285.1  
9104.37  33285.1  
9052.92  33285.1  
9104.37  33285.1  
9105.86  33285.1  
9104.37  33285.1  
9154.1  33285.1  
9097.19  33285.1  
9119.51  33285.1  
9105.86  33285.1  
9176.73  33285.1  
9052.92  33285.1  
9052.92  33285.1  
9052.92  33285.1  
9119.51  33285.1  
9184.08  33285.1  
9162.52  33285.1  
9176.54  33285.1  
9188.65  33285.1  
9172.49  33285.1  
9105.86  33285.1  
9105.86  33285.1  
9162.52  33285.1  
9105.86  33285.1  
9119.51  33285.1  
9119.51  33285.1  
9184.08  33285.1  
9154.1  33285.1  
9097.19  33285.1  
9154.1  33285.1  
9141.22  33285.1  
9175.25  33285.1  
9070.63  33285.1  
9104.37  33285.1  
9088.55  33285.1  
9175.25  33285.1  
9148.27  33285.1  
9176.54  33285.1  
9176.54  33285.1  
9070.63  33285.1  
9176.54  33285.1  
9187.65  33285.1  
9105.86  33285.1  
9175.25  33285.1  
9141.22  33285.1  
9104.37  33285.1  
9154.11  33285.1  
9174.56  33285.1  
9141.22  33285.1  
9176.73  33285.1  
9119.51  33285.1  
9176.73  33285.1  
9070.63  33285.1  
9097.19  33285.1  
9175.25  33285.1  
9097.19  33285.1  
9119.51  33285.1  
9097.19  33285.1  
9154.1  33285.1  
9176.54  33285.1  
9154.11  33285.1  
9154.11  33285.1  
9052.92  33285.1  
9175.25  33285.1  
9187.65  33285.1  
9105.86  33285.1  
9105.86  33285.1  
9175.25  33285.1  
9070.63  33285.1  
9119.51  33285.1  
9175.25  33285.1  
9104.37  33285.1  
9153.29  33285.1  
9154.11  33285.1  
9104.37  33285.1  
9105.86  33285.1  
9119.51  33285.1  
