9133.11  32876.2  
9389.43  32723.4  
9228.45  32810.7  
9389.43  32723.4  
9133.11  32876.2  
9309.48  32721.5  
9133.11  32876.2  
9138.25  32797.5  
9309.48  32721.5  
9383.38  32585.1  
9133.11  32876.2  
9138.25  32797.5  
9309.48  32721.5  
9177.23  32886  
9138.25  32797.5  
9389.43  32723.4  
9133.11  32876.2  
9133.11  32876.2  
9309.48  32721.5  
9389.43  32723.4  
9138.25  32797.5  
9138.25  32797.5  
9226.59  32782.2  
9389.43  32723.4  
9138.25  32797.5  
9389.43  32723.4  
9133.11  32876.2  
9133.11  32876.2  
9194.33  32830.2  
9133.11  32876.2  
9309.48  32721.5  
9389.43  32723.4  
9133.11  32876.2  
9309.48  32721.5  
9309.48  32721.5  
9116.93  33192.5  
9133.11  32876.2  
9133.11  32876.2  
9116.93  33192.5  
9309.48  32721.5  
9226.59  32782.2  
9138.25  32797.5  
9133.11  32876.2  
9133.11  32876.2  
9133.11  32876.2  
9309.48  32721.5  
9138.25  32797.5  
9389.43  32723.4  
9309.48  32721.5  
9138.25  32797.5  
9138.25  32797.5  
9133.11  32876.2  
9133.11  32876.2  
9309.48  32721.5  
9133.11  32876.2  
9228.45  32810.7  
9309.48  32721.5  
9389.43  32723.4  
9138.25  32797.5  
9389.43  32723.4  
9309.48  32721.5  
9205.34  32873  
9431.28  32726.5  
9309.48  32721.5  
9133.11  32876.2  
9309.48  32721.5  
9116.93  33192.5  
9383.38  32585.1  
9228.45  32810.7  
9138.25  32797.5  
9431.28  32726.5  
9103.19  32871.4  
9309.48  32721.5  
9133.11  32876.2  
9226.59  32782.2  
9133.11  32876.2  
9133.11  32876.2  
9309.48  32721.5  
9309.48  32721.5  
9309.48  32721.5  
9309.48  32721.5  
9133.11  32876.2  
9226.59  32782.2  
9309.48  32721.5  
9138.25  32797.5  
9309.48  32721.5  
9133.11  32876.2  
9116.93  33192.5  
9228.45  32810.7  
9337.92  32780.2  
9177.23  32886  
9309.48  32721.5  
9389.43  32723.4  
9133.11  32876.2  
9389.43  32723.4  
9133.11  32876.2  
9228.45  32810.7  
9309.48  32721.5  
9138.25  32797.5  
9138.25  32797.5  
9116.93  33192.5  
9133.11  32876.2  
9138.25  32797.5  
9133.11  32876.2  
9309.48  32721.5  
9389.43  32723.4  
9133.11  32876.2  
9228.45  32810.7  
9309.48  32721.5  
9309.48  32721.5  
9226.59  32782.2  
9138.25  32797.5  
9133.11  32876.2  
9259.96  32854.4  
9143.52  32919  
9389.43  32723.4  
9133.11  32876.2  
9309.48  32721.5  
9116.93  33192.5  
9309.48  32721.5  
9309.48  32721.5  
9138.25  32797.5  
9309.48  32721.5  
9133.11  32876.2  
9309.48  32721.5  
9116.93  33192.5  
9389.43  32723.4  
9133.11  32876.2  
9389.43  32723.4  
9194.33  32830.2  
9309.48  32721.5  
9133.11  32876.2  
9133.11  32876.2  
9116.93  33192.5  
9383.38  32585.1  
9389.43  32723.4  
9309.48  32721.5  
9133.11  32876.2  
9309.48  32721.5  
9133.11  32876.2  
9116.93  33192.5  
9309.48  32721.5  
9309.48  32721.5  
9133.11  32876.2  
9138.25  32797.5  
9228.45  32810.7  
9133.11  32876.2  
9337.92  32780.2  
9133.11  32876.2  
9138.25  32797.5  
9133.11  32876.2  
9309.48  32721.5  
9138.25  32797.5  
9138.25  32797.5  
9138.25  32797.5  
9309.48  32721.5  
9133.11  32876.2  
9133.11  32876.2  
9138.25  32797.5  
9309.48  32721.5  
9309.48  32721.5  
9138.25  32797.5  
9309.48  32721.5  
9133.11  32876.2  
9228.45  32810.7  
9228.45  32810.7  
9228.45  32810.7  
9351.37  32797.4  
9309.48  32721.5  
9309.48  32721.5  
9228.45  32810.7  
9309.48  32721.5  
9133.11  32876.2  
9138.25  32797.5  
9116.93  33192.5  
9389.43  32723.4  
9133.11  32876.2  
9228.45  32810.7  
9133.11  32876.2  
9138.25  32797.5  
9383.38  32585.1  
9133.11  32876.2  
9138.25  32797.5  
9226.59  32782.2  
9309.48  32721.5  
9431.28  32726.5  
9133.11  32876.2  
9228.45  32810.7  
9309.48  32721.5  
9228.45  32810.7  
9315.94  32806  
9309.48  32721.5  
9226.59  32782.2  
9226.59  32782.2  
9309.48  32721.5  
9389.43  32723.4  
9226.59  32782.2  
9309.48  32721.5  
9226.59  32782.2  
9133.11  32876.2  
