9138.25  33285.1  
9096.28  33285.1  
9123.8  33285.1  
9152.54  33285.1  
9096.28  33285.1  
9103.32  33285.1  
9137.51  33285.1  
9102.12  33285.1  
9096.28  33285.1  
9096.28  33285.1  
9138.25  33285.1  
9141.22  33285.1  
9103.19  33285.1  
9138.99  33285.1  
9152.54  33285.1  
9136.79  33285.1  
9131.21  33285.1  
9096.28  33285.1  
9206.7  33285.1  
9096.28  33285.1  
9103.19  33285.1  
9206.7  33285.1  
9187.01  33285.1  
9096.28  33285.1  
9206.7  33285.1  
9096.28  33285.1  
9103.19  33285.1  
9141.22  33285.1  
9143.52  33285.1  
9103.19  33285.1  
9220.65  33285.1  
9214.42  33285.1  
9138.25  33285.1  
9096.28  33285.1  
9096.28  33285.1  
9138.25  33285.1  
9164.88  33285.1  
9137.51  33285.1  
9103.19  33285.1  
9201.54  33285.1  
9143.95  33285.1  
9206.7  33285.1  
9138.25  33285.1  
9103.19  33285.1  
9103.19  33285.1  
9136.79  33285.1  
9187.01  33285.1  
9096.28  33285.1  
9138.25  33285.1  
9103.19  33285.1  
9143.52  33285.1  
9190.32  33285.1  
9133.11  33285.1  
9103.19  33285.1  
9207.66  33285.1  
9187.01  33285.1  
9187.01  33285.1  
9096.28  33285.1  
9103.19  33285.1  
9096.28  33285.1  
9096.28  33285.1  
9103.19  33285.1  
9103.19  33285.1  
9138.25  33285.1  
9137.51  33285.1  
9136.79  33285.1  
9137.51  33285.1  
9103.19  33285.1  
9198.72  33285.1  
9187.01  33285.1  
9168.65  33285.1  
9160.85  33285.1  
9103.19  33285.1  
9201.54  33285.1  
9103.19  33285.1  
9103.19  33285.1  
9103.19  33285.1  
9137.51  33285.1  
9206.7  33285.1  
9096.28  33285.1  
9103.19  33285.1  
9138.99  33285.1  
9103.19  33285.1  
9103.19  33285.1  
9143.52  33285.1  
9103.19  33285.1  
9141.22  33285.1  
9145.67  33285.1  
9187.01  33285.1  
9096.28  33285.1  
9103.19  33285.1  
9206.7  33285.1  
9096.28  33285.1  
9207.66  33285.1  
9096.28  33285.1  
9117.03  33285.1  
9187.01  33285.1  
9214.42  33285.1  
9203.61  33285.1  
9096.28  33285.1  
9096.28  33285.1  
9096.28  33285.1  
9103.19  33285.1  
9103.19  33285.1  
9103.19  33285.1  
9096.28  33285.1  
9103.19  33285.1  
9220.65  33285.1  
9103.19  33285.1  
9136.79  33285.1  
9143.95  33285.1  
9103.19  33285.1  
9103.19  33285.1  
9206.7  33285.1  
9103.19  33285.1  
9096.28  33285.1  
9103.19  33285.1  
9141.22  33285.1  
9103.19  33285.1  
9096.28  33285.1  
9096.28  33285.1  
9164.88  33285.1  
9096.28  33285.1  
9103.19  33285.1  
9096.28  33285.1  
9096.28  33285.1  
9096.28  33285.1  
9138.99  33285.1  
9096.28  33285.1  
9103.19  33285.1  
9096.28  33285.1  
9103.19  33285.1  
9103.19  33285.1  
9137.51  33285.1  
9096.28  33285.1  
9096.28  33285.1  
9096.28  33285.1  
9143.95  33285.1  
9168.65  33285.1  
9103.19  33285.1  
9138.25  33285.1  
9206.7  33285.1  
9214.42  33285.1  
9198.72  33285.1  
9138.25  33285.1  
9138.25  33285.1  
9103.19  33285.1  
9096.28  33285.1  
9103.19  33285.1  
9103.19  33285.1  
9141.22  33285.1  
9141.22  33285.1  
9103.32  33285.1  
9187.01  33285.1  
9138.25  33285.1  
9206.7  33285.1  
9103.19  33285.1  
9103.19  33285.1  
9214.42  33285.1  
9182.98  33285.1  
9136.79  33285.1  
9203.61  33285.1  
9103.19  33285.1  
9103.19  33285.1  
9138.25  33285.1  
9123.8  33285.1  
9187.01  33285.1  
9096.28  33285.1  
9096.28  33285.1  
9206.7  33285.1  
9187.01  33285.1  
9182.98  33285.1  
9207.66  33285.1  
9103.19  33285.1  
9143.95  33285.1  
9206.7  33285.1  
9103.19  33285.1  
9198.72  33285.1  
9103.32  33285.1  
9187.01  33285.1  
9102.12  33285.1  
9138.25  33285.1  
9123.8  33285.1  
9103.19  33285.1  
9096.28  33285.1  
9096.28  33285.1  
9103.19  33285.1  
9123.8  33285.1  
9152.54  33285.1  
9103.19  33285.1  
9096.28  33285.1  
9206.7  33285.1  
9138.25  33285.1  
9143.52  33285.1  
9096.28  33285.1  
9103.19  33285.1  
9143.95  33285.1  
9137.51  33285.1  
9138.25  33285.1  
9103.32  33285.1  
