9022.09  33285.1  
9133.11  33285.1  
9133.11  33285.1  
9133.11  33285.1  
9118.88  33285.1  
9120.07  33285.1  
9120.07  33285.1  
9061.32  33285.1  
9133.11  33285.1  
9126.76  33285.1  
9118.88  33285.1  
9133.11  33285.1  
9118.88  33285.1  
9120.07  33285.1  
9133.11  33285.1  
9133.11  33285.1  
9118.88  33285.1  
9118.88  33285.1  
9120.07  33285.1  
9121.66  33285.1  
9127.69  33285.1  
9154.3  33285.1  
9133.11  33285.1  
9133.11  33285.1  
9120.07  33285.1  
9118.88  33285.1  
9061.32  33285.1  
9133.11  33285.1  
9120.37  33285.1  
9061.32  33285.1  
9133.11  33285.1  
9154.3  33285.1  
9118.88  33285.1  
9133.11  33285.1  
9133.11  33285.1  
9154.3  33285.1  
9126.76  33285.1  
9133.11  33285.1  
9154.3  33285.1  
9120.07  33285.1  
9061.32  33285.1  
9120.07  33285.1  
9133.11  33285.1  
9022.09  33285.1  
9133.11  33285.1  
9133.11  33285.1  
9120.07  33285.1  
9133.11  33285.1  
9154.3  33285.1  
9118.88  33285.1  
9133.11  33285.1  
9120.37  33285.1  
9022.09  33285.1  
9120.07  33285.1  
9022.09  33285.1  
9120.07  33285.1  
9120.07  33285.1  
9120.07  33285.1  
9118.88  33285.1  
9133.11  33285.1  
9133.11  33285.1  
9133.11  33285.1  
9133.11  33285.1  
9133.11  33285.1  
9118.88  33285.1  
9133.11  33285.1  
9133.11  33285.1  
9133.11  33285.1  
9126.76  33285.1  
9154.3  33285.1  
9133.11  33285.1  
9142.77  33285.1  
9120.07  33285.1  
9118.88  33285.1  
9133.11  33285.1  
9133.11  33285.1  
9118.88  33285.1  
9133.11  33285.1  
9120.07  33285.1  
9133.11  33285.1  
9120.07  33285.1  
9022.09  33285.1  
9133.11  33285.1  
9120.07  33285.1  
9133.11  33285.1  
9120.07  33285.1  
9133.11  33285.1  
9154.3  33285.1  
9118.88  33285.1  
9120.07  33285.1  
9118.88  33285.1  
9133.11  33285.1  
9133.11  33285.1  
9154.3  33285.1  
9118.88  33285.1  
9120.07  33285.1  
9133.11  33285.1  
9120.07  33285.1  
9022.09  33285.1  
9120.07  33285.1  
9133.11  33285.1  
9061.32  33285.1  
9061.32  33285.1  
9022.09  33285.1  
9120.07  33285.1  
9133.11  33285.1  
9133.11  33285.1  
9118.88  33285.1  
9120.07  33285.1  
9133.11  33285.1  
9120.07  33285.1  
9133.11  33285.1  
9133.11  33285.1  
9126.76  33285.1  
9061.32  33285.1  
9133.11  33285.1  
9118.88  33285.1  
9133.11  33285.1  
9022.09  33285.1  
9133.11  33285.1  
9133.11  33285.1  
9118.88  33285.1  
9133.11  33285.1  
9118.88  33285.1  
9154.3  33285.1  
9133.11  33285.1  
9127.69  33285.1  
9061.32  33285.1  
9120.07  33285.1  
9120.37  33285.1  
9133.11  33285.1  
9118.88  33285.1  
9126.76  33285.1  
9120.07  33285.1  
9133.11  33285.1  
9133.11  33285.1  
9133.11  33285.1  
9118.88  33285.1  
9133.11  33285.1  
9061.32  33285.1  
9133.11  33285.1  
9126.76  33285.1  
9133.11  33285.1  
9120.07  33285.1  
9133.11  33285.1  
9120.07  33285.1  
9118.88  33285.1  
9120.07  33285.1  
9118.88  33285.1  
9126.76  33285.1  
9133.11  33285.1  
9133.11  33285.1  
9120.07  33285.1  
9132.52  33285.1  
9126.76  33285.1  
9120.07  33285.1  
9154.3  33285.1  
9118.88  33285.1  
9121.66  33285.1  
9120.07  33285.1  
9120.07  33285.1  
9118.88  33285.1  
9120.07  33285.1  
9118.88  33285.1  
9133.11  33285.1  
9120.07  33285.1  
9133.11  33285.1  
9120.07  33285.1  
9126.76  33285.1  
9118.88  33285.1  
9120.07  33285.1  
9120.07  33285.1  
9126.76  33285.1  
9120.07  33285.1  
9133.11  33285.1  
9120.07  33285.1  
9133.11  33285.1  
9133.11  33285.1  
9118.88  33285.1  
9120.07  33285.1  
9133.11  33285.1  
9120.07  33285.1  
9154.3  33285.1  
9154.3  33285.1  
9120.07  33285.1  
9133.11  33285.1  
9118.88  33285.1  
9133.11  33285.1  
9133.11  33285.1  
9133.11  33285.1  
9120.07  33285.1  
9120.07  33285.1  
9126.76  33285.1  
9154.3  33285.1  
9133.11  33285.1  
9121.66  33285.1  
9120.37  33285.1  
9133.11  33285.1  
9133.11  33285.1  
9133.11  33285.1  
