33216.4
33158.2
33189
33081.4
33120.4
33232.5
33190
33097
33133.9
33089.6
33207.2
33112
33252.9
33220.2
33079.5
33207.4
33240.5
33163.8
33239.7
33180.9
33149
33215.9
33141.1
33176.3
33057.6
33169.2
33168.9
33103.4
33167.1
33192
32972.8
33138
33264
33137.9
33141.2
33234.8
33211.3
33109.9
33144.8
33157.5
33160
33042.1
33176.8
33119.5
33248.1
33187.2
33231.3
33127.9
33258.4
32967.4
33176.8
33227.3
33186.8
33175.3
33232.6
33234.6
33209.1
33078.7
33223.9
33014.4
33181.8
33177.9
33252.4
33238.3
33132.7
33173.9
32980.3
33221.9
33082.8
33184.6
33154.4
32864.3
33149
33178.3
33281.2
33156.2
33196.6
33217.4
33269.8
33178.5
33210.3
33184.4
33153.8
33224.6
33220.5
33161.6
33212.4
33165.7
33200.6
33204
33225.9
33226.3
33225.4
33130.4
33231.9
33223.8
33236
33168.5
33242.2
33093.2
33068.2
33226.2
33170.3
33152
33223
33257.5
33252.4
33141.8
33147.9
33195.9
33109.9
33200.1
33198.2
33124.8
33241.6
33245.4
33226.7
33232.8
33154.4
33165.2
33223.9
33173.2
33233.8
33202.7
33183
33046.9
33181.8
33203.4
33152.6
33268.3
33222.2
33121.7
33167.7
33049.7
33198.2
33131
33267.8
33221.6
33165.9
33227.2
33222.8
33233.3
33237.2
33217.5
33164
33258.3
33172.8
33214.9
33120.4
33070.6
33098.2
33040.7
33193.5
33039.2
33125.4
33235.1
33161.3
33212.6
33008.1
33149.9
33143
33229.1
33154.3
33231.2
33112.9
33212.2
33235.8
33144.5
33181.9
33209.5
33187.8
33207.1
33192.7
33214.8
33161
33147.8
33154.5
33136.8
33180.5
33259.1
33150.8
33063.5
33196.8
33214.3
33267.3
33239.6
33147.1
33195
33233.4
33266.7
33161.2
33179.5
33230.9
33204.4
33223
33155.9
33224.8
33187.2
33188.8
33224.7
33198.2
33197.5
33181.4
33220.3
33105.7
33203.4
33073.8
33122.7
33252.7
33100.3
33188.4
33121.7
33245.1
33182.3
33235.1
33226.1
33191.4
33209.9
33210.7
33182.7
33162.1
33257.1
33218.8
33207.1
33141.8
33151.9
33190.3
33241.5
33070.4
33276
33154.4
33149.2
33071
33233.8
33111.1
33172.1
33193.6
33194
33190.7
33062.1
33180.3
33141.7
33217.9
33129.8
33078
33183.3
33177.9
33163.2
33239.6
33233.7
33285.1
33223.7
33194.6
33209
33210.3
33207.5
33189.1
33242.2
33162.5
33186.8
33233.3
33201.3
33220.3
33120.4
33247.1
33251.1
33156.7
33121.5
33163.1
33227.7
33136.5
33134.5
33190.3
33134.9
33137.9
33149.3
33253
33189.1
33115.9
33199.4
33271.1
33182.6
33096.1
33285.1
33163.2
33167.7
33183.1
33155.4
33246.8
33230.4
33119.2
33240.7
33170
33221.9
33218.8
33257.3
33184.6
33209.8
33144
33121.9
33068
33123.8
33177.8
33233.3
32927
33208.5
33204.7
33231
33249.1
33171.6
33148.4
33127.2
33183.6
33210.9
33215.1
33067.4
33154.5
33166.9
33170.3
33181.5
33235.2
33170
33104.7
33133.7
33182.6
33209
33268.1
33072.8
33153
33160.2
33176.9
33185.2
33132.5
33057.5
33144.5
33272.5
33183.7
33203.5
33140.5
33191.7
33110.1
33192
33073.1
33211.7
33111.2
33132.8
33092.9
33224.8
33010.4
33214.5
33056.4
33234.4
33251.6
33210.4
33232.4
33164.7
33202.7
33057.5
33242.9
33131.5
33049.7
33152.1
33179.4
33179.5
33212.8
33136.4
33247.9
33161.3
33204.2
33247.6
33153.1
33190.7
33213.9
33116.3
33068.2
33196.1
33149.6
33226
33223.7
33232.7
33137.1
33236.6
33233.1
33216
32997.2
33199
33217.4
33211
33160.6
33248.7
33148.4
33239.3
33117.7
33188.1
33143.9
33217.4
33232.5
33171.4
33208.1
33035.9
33131.1
33158.5
33236.6
33173.1
33175.7
33230.9
33269
33235.5
33191.9
33120.8
33171.9
33230.4
33155.8
33206.3
33143
33121.5
33221.1
33169.5
33219.3
33144.3
33220.1
33213.9
33256.9
33009.9
33196.5
33215.3
33056.3
33218.9
33176.2
33195.2
33106.7
33240.4
33167.7
33042.4
33242.5
33167.8
33205.1
33110.3
33193.2
33199.4
33233.8
33196.4
33241.2
33205.1
33199.4
33187.2
33213.7
33182.9
33285.1
33257.2
32950.7
33214.9
33153.9
33175.3
32982.8
32960.7
33199.1
33099.7
33103.7
33093.3
33180.2
33177.8
33189.6
33119
33230.4
33211.6
33245.4
33149.7
33262.5
33214.7
33108.7
33266.4
33126.8
33208.5
33234.4
33081.3
33170.7
33185.6
33204.1
33117.6
33277.3
33007.2
33204.9
33198.8
33254.1
33187.2
32995.1
33190.8
33097
32992.5
33250.1
33161.7
33033.4
33124.9
33109.8
33184.1
33256.6
33285.1
33195.1
33266.3
33180
32991.2
33232
33245.6
33271.2
32980
33046.7
33025.3
33225.9
33233.2
33141.1
33105.5
33098.2
33219.3
33221.5
33226.3
33081.9
33265.1
33063.8
33126.9
33202.1
33036.5
33033.9
33249.9
33246.7
33222.5
33189.4
33121.7
33161.4
33285.1
33180.5
33257.5
32997.2
33237
33248.9
33138.9
33250.1
33234.1
33140.9
33230.3
33188.5
33073
33045.8
33033.9
33076.3
33261.8
33167.4
33241.1
33263.8
33215.1
33220.5
33184.1
33065.5
33106.3
33188.1
33154.7
33204.1
33202.3
33239
33134.9
33050.8
33177.4
33031.4
33177.8
33189.2
33041.2
33233.7
33164.7
33112.7
33188.1
33133.8
32980
33177.8
33175.2
33131.9
33035.1
33268.2
33058.3
33047.8
33213.9
33263.6
33213.3
33228.3
33214.3
33285.1
33215.2
33258.7
33162
33223.7
33146.4
33176.6
33067.3
33033.3
33233.2
33096.6
33119.1
32961.2
33261.9
33204.2
33091.8
33191.4
32968.2
33223.1
33193.8
33060.3
33144.1
33194
33158.9
33066.3
33169.6
33251.9
33172.2
33124.2
33228.5
33062.1
32994.9
33248.8
33173.7
33266.8
33079.9
33230.9
33285.1
33217.1
33264.1
33133
33198.3
33144.5
33132.2
33256.4
33167.8
33260.8
33217.5
33034.8
33145
33056.3
33006.4
33166.6
33157
33076.2
33213.9
33249
33144.1
33070.6
33165.9
33062.2
33023
33180.4
33189.2
33100.7
33237.2
33041.2
33175.9
33177.6
33078.4
33121
33160.3
33202.7
33213.8
33150.9
33184.1
33238.7
33199.8
33145.6
33188.5
33225.5
33255.9
33238
33233.4
33237.8
33193
33035.1
33224.2
32952
33039.2
33175.8
33245.4
33114.4
33019.3
33143.9
33277.3
33230.4
33164.2
33249.8
33213.8
33188.8
33260.5
33256.3
33189.2
33195.4
33174.9
33109
33159.5
33119.4
33054
33130.4
33135.6
33275.9
33203.4
33168.2
33190.2
33264.5
33255.6
33041.5
33143.2
33111.8
33230.9
33203.3
33205.2
33195.8
33237.4
33226.3
33244.9
33214.4
32982
33133.9
33257.3
33188.1
32999.9
33122.3
33139.9
33068.3
32975.4
33199.3
33210.6
33203.9
33252.1
33153.3
33186.9
33037.7
33164.2
33269.3
33009.8
33216.6
33230.7
33215.1
33063.4
33260.4
33285.1
33245.3
33205.1
33155.5
33175.6
33087
33225.6
33272.8
33105.6
33095.7
33241.2
33196.1
33009.9
33179.3
33203.4
33285.1
33240.9
33130.3
33193.1
33231.7
33121.5
33285.1
33210.9
33226.1
33186.9
33229.7
33140.8
33132.1
33224.8
33140.1
33255.9
32956.9
33184.2
33084.4
33064
32933.1
33016.7
33109
33151.1
33285.1
33202.5
33137.2
33025.4
33124.9
33068.4
33128.8
33144.1
33238
33068.4
33188.5
33285.1
33066.9
33094.2
33112.8
33081.7
33201.6
32921.3
33096.5
33211
33240.4
33144.3
33045.8
33238.4
33150.1
33084.3
33216.5
33258.8
33082.7
33153
33256.8
33155.3
33126.9
33224.8
33145.3
33207.6
32988.4
32969.5
33191.6
33174.1
33242.6
33160.3
33242.7
33029.2
33144.3
33085.8
33054.6
33262.5
33146.4
33176.5
33112.7
33285.1
33111.5
33285.1
33146.7
33097.5
33127.4
33143.4
33002.4
33059.9
33196.2
32995.8
33032.9
33239.9
33144
32991.6
33101.2
33252.3
33228.9
33117
33080.2
33015.5
33144.1
33173.6
32999
33124
32910
33196
33225.3
33141.8
33213.1
33166.6
33173
33130.4
33232.1
33219.8
33064.9
33212.6
33170
33229.1
33142.4
33077.9
33239
33068.3
33211.4
33196.3
33156.1
33165.9
33163.3
33199.3
33141.3
32996
33080.7
33285.1
33159.8
33094.7
33164.3
33240.3
33201.8
33229.9
33176.8
33000.8
33175.1
33204.8
33146.2
33137.8
32962.4
33226.4
33205.4
33254.9
33120.4
32940.2
33186.8
33209
33225.6
33281.6
33105.8
33222.8
33239.7
33101.4
33056.8
33213
33178
32958.7
33181.5
33074.6
33161.9
33170.3
33138.6
33152.4
33188.3
33285.1
33065
33239.6
33030.1
33069.1
33174.8
33133.3
33185.1
33136.1
33026.6
33103.9
33208.7
33041.6
33227.5
33230.6
32991
33023.8
33252.4
33147.5
33062.2
33103.2
33273.6
33192.2
33051.6
33129.6
32657.8
33285.1
33132.4
33063.8
33204.1
32915.7
33108.8
33163.2
33150
33248.1
33175.9
33240.1
32984.8
33206.3
33259.2
33203.5
33128.9
33093.4
33152.5
32657.8
32992.8
33149
33106.7
32974
33175
33193.5
33285.1
33088.1
33182.2
33005.1
33252.1
32984
33049.2
32956.9
33285.1
33203.7
33134.9
33246.1
33161.2
33086.2
33126.3
33247.3
33186.9
32948.4
33172
33178.3
32948.4
33285.1
33177.8
33158.7
33245.5
32982.9
33245
33204.2
33285.1
33184.1
33164.9
33084.5
33231.8
32991
33209.7
33204.5
33063.6
33193.7
33043.6
33107.4
33211.7
32797.5
33061.7
33120.6
33228.8
33189.2
33285.1
33164.8
33043.2
33170.3
33201.9
33277.3
33127.7
33137.5
33057.6
33180
33164.7
33082.4
33015.9
33285.1
33163.2
33061.7
33130.1
33199.8
33180.8
33256.7
33180.2
33032.4
33054
33077.3
33177.1
33131.7
33138
33015.1
33081.3
33139.4
33216.9
32947.9
33225.2
33178.6
33222.2
32973.5
33235.2
33212.2
33252.2
32982.2
33173.5
32950.6
33285.1
33257.8
33054
32847.3
33099
33248.7
33234
33123.8
33285.1
33222.2
33028.1
32985.7
33285.1
33227
33220.2
33105.7
33185.5
33167.6
33052.3
33049.7
33285.1
33122.7
33214.4
33285.1
33285.1
33285.1
32994
33034
33212.4
33045
32921.3
33109.2
33255.8
33285.1
33109.1
33220.3
32940.2
33012.8
33268.9
33026.6
33039.3
33026.9
32910
33109
33145.6
33133.4
33175.2
33018.2
33154.9
33080.1
33072.2
33176.8
33152.5
33203.9
33154.1
33038.9
33087
33285.1
33170.7
33082.5
33064.7
33136
33285.1
33166.6
33085.4
33005.5
32710.1
32967.1
33186.8
33200.4
33040.4
33057.9
32987.4
32948.4
33196.3
33032.4
32921.3
33147.5
33202.3
33202.3
32991
33069.1
33285.1
33102.7
33200.5
33127.5
33117.4
33285.1
33264.2
33187.1
33162.3
33206.4
33205
33068.3
33128.9
33241.2
33285.1
33185.9
32900.8
33127
33150
33227.1
33285.1
33285.1
32895.8
33126.5
32865.7
33127.3
33114.5
33141.7
33285.1
33043.1
32900.8
33234.2
33150.3
33203.7
33153.9
33209.7
33074
33129.3
33285.1
32948.3
33285.1
33214.3
32940.2
32976.9
33239.9
32930.9
33012.4
33124.9
33285.1
33256.3
33234
33170.6
33059.4
33201.8
33285.1
33234.3
33176.5
33167.6
33102.7
33205.5
32995.2
32991.6
33221.2
33160.5
33255.4
33242.7
33169.6
33126.8
32910
32967.1
33241.3
33005.1
33285.1
33224.7
33285.1
33206.4
33102.7
33122.7
32940.2
33154.8
32846.4
33285.1
33147
33153.2
33195.7
33285.1
33170
33285.1
33162.7
33200.9
33112.6
33123.9
32920.3
33015.1
33285.1
32884
32977.4
33180.4
33285.1
33285.1
32879.3
33285.1
33166.6
33285.1
33285.1
32910
33285.1
33219.4
33152.5
33285.1
32967.1
32782.6
32960.4
33285.1
33285.1
33154.8
33101.9
32876.6
33032.4
33169.6
33115.4
33285.1
33074
33130.3
33154.8
33239.3
33174.5
33128.4
33128.9
32890.7
33136.4
33077
33207.4
33224.3
33285.1
33087
33190.5
33051.6
33130.2
33226.9
32986
32994.7
33158.4
33154.8
33173.3
33161.1
32820.7
33047.3
33195.9
33285.1
33104.2
33101.7
33122.6
33017
33021.5
33185.2
33076.3
33285.1
33042.9
33236.9
32902
33190.9
32882.5
32984.8
33185.5
33285.1
33169.6
32921.3
33147.7
33111.9
33092.7
33171.5
33227
33163.1
33003
33178.4
33102.3
33005.1
32955.9
33054.7
33222.9
33065.5
33285.1
33285.1
33174.7
33191.5
33101
33285.1
33285.1
33260.1
32887.7
33189.3
33032.2
32797.5
33119
33247.5
32991.6
33285.1
32957
33112.2
33184.6
33165.1
33180.3
32955.9
33285.1
33119.4
32967.1
33223.4
33214.6
33247
33094.2
33091.7
33285.1
32820.7
33096.5
33231.8
32887.7
33210.1
33008
33048.6
33088.7
33197.2
33122.7
33221.5
33087.6
33072.5
33088.7
33276
32788.4
33183.9
32876.6
33053.3
33228.7
33098.7
33119.2
33153
33115.4
33111.5
32846.5
33101.4
33051.6
33005.1
33248.7
33285.1
33166.4
32935.8
33285.1
33020.6
33164.2
33285.1
33161.1
33033.4
33285.1
33155.7
33104.2
33020.6
33023
33285.1
33070
32821.1
32788.4
33257.2
32953.6
33130.2
33103.2
32900.8
33169.1
33053.2
32947.2
33158.4
33186
33161.1
33222.4
33104.2
32966
32915.5
33128.9
33018.2
33225.7
32991.6
32887.7
33022.6
33237.8
32987.4
33062.6
32820.7
32972.7
33185.6
32953.6
33152.1
33058.5
33216.6
33197.8
33013.9
33199.9
33166.2
33177.6
33285.1
32994.4
32997.1
33106.5
33087.6
33173.8
33211.1
32991.6
33202.4
33188.6
33110.3
32851.5
32955.9
33022.5
33213.5
33285.1
32749.3
32821.1
33034.7
32879.3
33216.4
33285.1
33129.3
33008
33150.7
32982.9
33119
32820.7
33285.1
33262
33158.4
32842.7
33043.4
33285.1
33285.1
32960.4
32991.6
33285.1
33285.1
32947.5
33181
32910
33232
33018.9
32991
33196.4
33157.3
32921.3
33105.1
33260.7
32976.9
33084.8
33095.1
32871.3
33285.1
33176.4
32798.1
32966
33094.4
33285.1
33171.7
33285.1
32788.4
33285.1
33112.7
32865.7
33243
32777.6
32865.1
33049.8
32972.7
33105.8
33202.1
33059.9
33285.1
33069.7
33238.4
32990.6
33285.1
33152.1
32921.3
32973.1
33285.1
33031.8
33006.1
32952.5
33174
33212.8
33205.3
32910
33128
33155.7
33203.1
33025.7
32798.6
33230.6
32950.2
33111.5
33038.8
33206.9
33130.8
32982.9
33285.1
33206.4
33240.5
33214.9
33150.5
32994
33179.8
33079.7
32957
32967.1
33077
32960.4
32921.3
33215.6
33285.1
32699.2
33285.1
33189.7
33114.5
33285.1
33146.7
33153.2
32978.1
33059.7
32947.2
32846.5
33285.1
33222.9
33002.8
33054.7
33285.1
33285.1
32921.3
33044
32986
33161.1
33119
33205.1
32945.8
33285.1
33080.6
33285.1
32910
33127.2
32910
33202.2
33256.4
33008
33188.3
33055.2
33285.1
33066.3
33285.1
32987.5
33204.5
33207.6
32865.7
33002.6
33243.1
33245.1
33246.5
33018.9
32988.4
33195.2
33138.7
33194.1
33141.6
33285.1
33032.7
33285.1
32887.7
33285.1
33166.6
33142.2
33152.1
32967.1
33002.1
32657.8
33178.2
32996.3
33061.4
33178.7
33256.5
33148.8
32955.9
33285.1
32957
33079.4
32657.8
33073.5
33254.6
33235.4
32998.6
32788.4
32865.1
33285.1
33002.3
33064.4
33175.1
33180.7
33112.9
32993.1
32915.2
33173.8
33198.4
33158.4
33144.8
32983.6
33142.9
33194.6
33205.1
32788.4
32865.1
33069.4
33038
33285.1
33250.7
33226.2
33285.1
32876.6
32657.8
32903.7
32865.1
33285.1
33064.5
33018.2
33243.6
33209.3
33141.2
33016.5
33031.8
33076.2
33114.8
33072
33222.8
33182.8
33050.1
32802.6
33153
33123.7
32816.1
32993.1
33285.1
33173.8
32971.5
32921.3
33285.1
33285.1
33090.8
33200.2
32915.7
33197.4
33071.4
33116.5
33285.1
33285.1
33256.9
32734.2
33043.5
32943.6
33186.5
33285.1
33285.1
32993.1
32959.7
32761.8
32843.8
33173.8
33188
32900.6
32798.1
33285.1
32797.5
32965.1
33246.1
32896
33156.9
33244.2
33031.8
33135.2
32979.9
32908.1
33244
32997.2
32822
33042.9
32926.8
33285.1
33245.2
33025.6
33285.1
33285.1
32943
33215.8
33170.4
33285.1
33254.5
33285.1
32797.5
33211
32856.6
32960.4
33188
33096.2
32840.2
33047.1
32829.3
32816.1
32967.1
33285.1
33285.1
33158.5
33285.1
33079.7
33091.2
32782.6
32940.3
33109.2
33109.7
33161.3
32890.7
33026.5
33285.1
33226
33285.1
32876.6
32934.3
32876.6
32921.3
32915.6
33161.2
32964.7
33063.8
32816.1
33285.1
32961.5
32915.6
33033.2
32749.3
33180.8
33018.2
33018.2
32891.9
33234.4
33234.6
32996
33285.1
33146.3
33219.8
33202.4
33285.1
32921.3
33285.1
33285.1
32842.7
33078.8
32749.3
33029.3
33285.1
33031.8
33080.1
32797.5
32887.9
32967.6
33285.1
33083
32861.6
32986
32913.1
33285.1
33062
32955.9
33166.6
33083.8
33037.1
32788.4
33081.4
33016.1
32945.2
32983.6
33285.1
33193.7
33133.1
33031.7
32996
33245.7
32799.8
33285.1
33150.4
33106.9
33101.5
33242.4
33205.3
32991
33176.2
33138.9
33074.2
32854.1
33054.1
32966.5
33233.6
33285.1
33178.4
32985.3
32952.6
33161.1
33064.3
33058.4
32861.6
33095.6
33144.1
33024.3
32986.8
33089.4
33021.2
33166.6
32986
33206.9
33082
32749.3
32869.4
32798.6
32993.5
32798.1
33174.7
33285.1
33003.3
32977
32846.5
33037.6
32797.5
33285.1
33285.1
33220.5
33285.1
33285.1
32782.6
32822
32967.1
32890.7
33035.4
33285.1
32675.9
33285.1
32934.3
32788.4
33224.9
33285.1
33285.1
33060.2
32797.5
32782.6
33026
32993.9
33161
33203.2
32843.6
32797.5
33160.7
33135.1
33285.1
32799.8
32921.3
33235.6
32993.5
32969.8
33285.1
32788.4
33114.8
32657.8
33210.5
33077.1
33285.1
33072.2
33068.9
33285.1
33178.6
33041.4
32993.5
33034
32861.6
33143.9
33086.8
33242
33085
32861.6
33245.4
33285.1
33007.6
33201.3
33228
32911.9
33055.3
32799.8
33208.2
33081.9
33285.1
33017.6
33060.5
32856.6
32876.6
33203.2
33129.4
33285.1
33167.1
32955.9
33193.2
32806
33234.6
33084.9
33285.1
33285.1
33079.8
33285.1
33039.8
33043.3
33128.9
33126.5
32967.1
33285.1
32777.6
32806
33018.4
33285.1
32963.8
32842.7
32857.6
33119.9
32996
33059.7
33219.5
33026.2
32974.2
33086.1
32761.8
33285.1
32976
33209.5
32798.1
33010.7
32955.9
33094
33285.1
32890.7
32798.1
33062.7
32736.4
33285.1
32940.3
32761.8
33285.1
33285.1
33212.9
32897.1
33285.1
32941.6
33008.3
33062.1
33091.2
32869.4
32788.4
33285.1
33212.9
32898.5
32846.5
33065.9
33071.1
33285.1
32921.3
33053.6
33241.6
33024
32957.7
32788.4
33241.4
33075.2
32797.5
32761.8
33224.9
33235
33265.3
33143.9
33025.7
33285.1
33204.5
33063
33236.1
32797.5
33285.1
32806
32734.2
33242.1
33285.1
33044.4
33163.6
33046.8
33043.2
33044.4
33034
32798.6
33180.6
32994.5
33285.1
33046
33028.8
32890.7
32797.5
33285.1
32797.5
33187.6
33285.1
33285.1
32890.7
33285.1
33038.2
33025.7
33029.5
32861.6
33068.6
33285.1
33014.5
33260.3
33063.4
33025.7
32797.5
32945.8
32765.6
32788.4
32788.4
33022
33047.6
32966.8
33182.3
33285.1
32822
32846.1
32861.6
33224
32710.1
32797.5
32777.6
32799.8
33045
33133.4
33285.1
33285.1
33059.6
33040.3
33285.1
32967.1
33050.9
32940.8
32841
32963.2
33219
32765.6
33019.1
32990.9
32993.5
33285.1
32936.1
32797.5
32911.9
32929.5
32907.1
33234.8
32946.4
32788.4
33203.8
33166.6
32955.9
32967.1
32890.7
32968.2
33057.4
32898.5
33285.1
33059.8
32940.3
32964.3
32782.6
32798.1
33285.1
33081.4
33080.7
33285.1
32799.8
33228.8
33126.5
33160.8
33212.9
33285.1
33285.1
33071.2
32749.3
32936.1
32861.6
33206.4
33180.6
32921.3
33155.9
32798.6
33136.3
32734.2
32571.4
32876.6
33067.7
32701.9
32861.6
33250.1
33190.5
33285.1
32909.6
32788.4
33097.6
32782.6
32815.3
33050.2
32782.6
32890.7
33117.4
32799.8
32861.6
33049.5
33084.6
33228.2
32782.6
33169.8
33167.3
33285.1
32788.4
33250.7
33010.7
33285.1
33030.8
32892.9
33072.9
32788.4
33285.1
33285.1
33285.1
32843.3
33285.1
33285.1
33285.1
32955.9
32710.1
33073.7
33285.1
32788.4
33063.3
32701.9
32797.5
33011.7
33285.1
32967.1
32799.8
32950.4
33285.1
33200.9
32952.4
32896.7
33039.9
32964.3
32749.3
33004.4
32924.3
32952.5
32710.1
33129.6
33076.9
33285.1
32955.9
33019
32993.5
32898.5
32947.5
33285.1
32699.2
33248.8
33143.1
33285.1
32957
32870
32912.8
33285.1
33025.6
32797.5
33246.4
33285.1
32782.6
32699.2
33212.7
32790.5
33185.9
33152.4
33197.6
33052.1
32865.1
33285.1
33142.6
33069.6
32790.5
33195.5
32955.9
32965.9
33285.1
33189.5
33285.1
33075.5
33232.9
33132.8
33126.6
33046.9
32973
33047.2
32788.4
32954.3
33285.1
32955.9
32799.8
33142
32940.3
33285.1
32797.5
32861.6
32782.6
33194
33136.3
33264.4
32797.5
33030.2
33285.1
33097.3
33285.1
32841
32835.2
32822
32788.4
33018.9
32772.3
33285.1
32710.1
33018.9
32971.8
32947.5
33285.1
32797.5
33110.9
33220
33072.8
33222.9
33285.1
33067.6
33080.2
33145.6
32955.9
33056.1
33054
33043.4
32876.6
33016.3
32688.2
33285.1
32967.1
32844.6
33242.7
33088.4
32761.8
33162.7
33088.5
32761.8
32710.1
32799.8
32996
33285.1
33285.1
33049.7
33285.1
33285.1
33124.4
33054.1
32734.2
32967
32772.3
33224.7
33118.1
32834.1
32861.6
32896.7
33285.1
33047.7
33198
33162.3
32992
33187.2
32802.6
32921.3
32761.8
33041.9
32788.4
33183.8
33094.9
33285.1
32865.1
32797.5
33285.1
33072.5
33285.1
33285.1
32993.5
33009.9
33275
32797.5
32701
32879.2
33285.1
33285.1
33022
33013.4
33264.9
33285.1
33206.8
33025.7
33054
33036.9
33285.1
33228
32799.8
32955.9
33134.3
33126.5
32799.8
33216.2
32790.5
33031.8
33113.6
32903.1
33029.4
32734.2
32761.8
33285.1
33017.5
32851.5
32829.5
32755.7
33285.1
33285.1
33285.1
33081.3
32782.6
32983.6
33049.5
33251.1
33285.1
32869.5
33011.7
32710.1
32869.5
33285.1
33232.1
33285.1
33030
33033.5
32961.4
33285.1
33170.1
32797.5
33285.1
33061
32782.6
32788.4
33207.2
33222.1
32749.3
32940.3
33030.9
33051
33238
33205.3
33285.1
32782.6
32788.4
32797.5
33206.6
33093.8
33136
33036.8
33061.3
33023.5
33043.9
33057.2
32967.1
33019.7
33060.4
32797.5
33039.2
33285.1
33043
32918.1
33285.1
33285.1
32701.9
33214.2
33066.5
33285.1
33047.8
32921.3
32710.1
33031.8
33285.1
33285.1
33142.2
33285.1
32954.6
33054.8
32976.2
32920.7
33063.1
33064.2
32955.9
33285.1
33054.1
33285.1
32699.2
33285.1
33051.6
33063.3
32797.5
33157.8
32797.5
33199.9
32959.3
32974.9
32809.5
32782.8
33057.9
33285.1
33232.3
33004.9
32861.6
32797.5
33285.1
33131.4
32956.3
33285.1
33180.2
33018.9
33285.1
32788.4
33081.5
33020
32788.4
33285.1
33285.1
33053.7
33180.8
33285.1
32942.9
32761.8
33063.3
32699.2
32749.3
33285.1
32955.9
33030.7
32937
32972.6
33146.9
33063
33285.1
33175.2
33030.9
33038.8
32911.7
33285.1
32761.8
33047.8
33050.9
32797.5
33048.2
32975.3
33285.1
33285.1
33043
33285.1
33054
33285.1
33285.1
32797.5
32987.1
33171.6
32955.9
33285.1
32710.1
33285.1
33285.1
33285.1
32788.4
32797.5
32797.5
32772.3
32761.8
33285.1
32699.2
32749.3
33132.3
32937.6
33078.2
32955.9
33285.1
33285.1
33046.9
32797.5
33194.1
33158.3
33220.3
33038.2
32869.5
32797.5
33285.1
32788.4
33025.7
33285.1
33008.9
32799.8
32749.3
33030.3
33064.4
33126.5
33060.5
33285.1
33029.5
32772.3
33285.1
33285.1
33217.8
33193.5
32998
33285.1
32988.4
33098.6
33285.1
32749.3
33222.6
33137.5
33178
33285.1
33285.1
33285.1
32701.9
33144.2
33066.5
33025.4
33285.1
33077.7
33018.9
33285.1
33285.1
33285.1
32782.6
32863.6
32788.4
32772.3
33055.6
33025.9
33062.5
33285.1
32797.5
33285.1
32940.3
33121.3
33143.9
32917.7
32797.5
32967.1
33285.1
33088.4
32956.9
33285.1
32990.2
32963.9
33190.9
33285.1
32744.2
33222.9
32749.3
33047.7
32955.9
32892.9
33217.9
33285.1
33253.7
32699.2
33220.7
32699.2
32734.2
33080.6
33126.5
33071.7
33285.1
32701.9
33285.1
33090.9
33025.7
33285.1
33057.2
33035.5
33064.4
33031.8
33129.6
33227.1
32797.5
33285.1
33096.8
33038.7
32699.2
33211.4
32973.4
33285.1
32788.4
32921
32571.4
32734.2
33132.8
32701.9
33007.6
32744.2
33007.2
32770
33243.5
33135
33200.4
33285.1
33285.1
32734.2
33036.7
32788.4
32847.5
32897.4
32914.9
32797.5
33031.6
33174.3
32710.1
33285.1
33138.8
32921.3
33285.1
33285.1
32861.6
32998.4
32846.5
32742.6
33285.1
33208.5
32921.3
33285.1
32788.4
33285.1
32788.4
33009.2
33031.8
32699.2
33227.9
32699.2
32571.4
33238.1
32955.9
33214.7
33031.8
33025.7
33052.7
32921.3
33192.2
33285.1
33285.1
32701
33036.1
32744.2
32744.2
33018.6
32744.2
32835.1
33031.8
33111.9
32987.6
33060.5
32798.1
33285.1
33031.8
33285.1
32797.5
33157.9
32993.1
33285.1
32788.4
32830.6
32744.2
33285.1
33285.1
33038.6
33058.1
32675.9
33078.2
32833.4
32869.5
33153.8
33074.2
32964.5
32797.5
33285.1
33000.1
32761.8
33120.4
33129.8
33285.1
33021.4
33209.6
33122.7
32861.8
32940.3
33047.8
33113.4
32710.1
32802.6
33285.1
33053
32749.3
32699.2
33074.7
32946
33063.3
33016.4
32571.4
33225.5
33138.3
32675.9
32952.9
33162.3
32928.1
32811.2
32892.9
33143.9
32699.2
33285.1
33181.1
33285.1
32797.5
33285.1
33052.4
32957.7
32964.8
32699.2
33285.1
33155.2
33047.8
32797.5
33001.9
32701.9
33035.8
33232
33249.2
33285.1
32710.1
33133.2
32744.2
33030.3
32940.3
33024
33061.4
33049.5
33031.8
32788.4
33064.4
32782.6
33056.9
33101.8
33126.5
32921.3
32869.5
32797.5
32788.4
33285.1
32926.5
32797.5
33025.3
33285.1
33073.3
32928.2
32979.7
33079.4
33285.1
33285.1
32797.5
33242.3
33068.3
32710.1
32742.6
32701.9
33257.6
33137.1
33213
33057.8
32701.9
32701.9
33285.1
33242.7
32869.5
32993.5
32749.3
32846.5
32699.2
33247.4
32943.7
32974
32788.4
32797.5
33285.1
33016.4
33285.1
32940.3
32571.4
32701.9
33192.4
33062.4
32699.2
33285.1
32701.9
33285.1
32774.3
33074.6
32980.4
32734.2
32749.3
32699.2
33219.3
33031.8
33151.5
32699.2
33285.1
33164.9
33151.7
32797.5
32701.9
33285.1
33024.5
33049.2
33234.3
32995.4
32955.9
33285.1
33192.2
33285.1
33061.6
33285.1
32955.9
33285.1
33031.8
33147.8
33285.1
33186.8
33285.1
32797.5
32829.5
32744.2
33063
33285.1
33285.1
33018.1
32983.3
32851.9
33070.7
32890.7
32571.4
33059.2
32869.5
32936.1
33285.1
32999.8
33135.7
32797.5
33083.7
33020.3
32855.1
32896.7
32675.9
33126.5
33063.1
33285.1
33285.1
33163.7
32959.3
33157
32772.3
32861.6
33135
32879.2
33132.2
32819.3
32772.3
32571.4
33011.9
32799.8
33285.1
32869.5
33025.5
33020.9
33034
32734.2
32955.9
32846.5
32797.5
32797.5
33047.8
33285.1
33173.7
32788.4
32701.9
33285.1
33285.1
32976.7
33074.1
33134.2
33012.6
33285.1
32892.9
32955.2
33009.9
32940.3
33285.1
33087.4
32710.1
33054.6
33285.1
32940.3
32788.4
33285.1
33175.2
33285.1
32734.2
33285.1
32961.9
32883.6
32788.4
33086.4
32797.5
33285.1
33219.9
32948.2
32892.9
32940.3
33126.5
33017.6
33195.6
33062
33285.1
32743.1
33244.3
33168.3
32761.8
32675.9
32749.3
